0.872348 	 -0.321262 	 0.469674
0.888191 	 -0.284413 	 0.431390
0.874047 	 -0.299790 	 0.430242
0.824501 	 -0.245683 	 0.428868
0.877557 	 -0.286863 	 0.443915
0.822689 	 -0.268200 	 0.429574
0.845949 	 -0.258874 	 0.471012
0.898128 	 -0.332317 	 0.460781
0.885489 	 -0.274489 	 0.419968
0.880288 	 -0.289665 	 0.430462
0.896815 	 -0.276287 	 0.415290
0.856896 	 -0.236962 	 0.439206
0.871960 	 -0.326636 	 0.417975
0.863722 	 -0.228664 	 0.385588
0.925443 	 -0.282157 	 0.451835
0.877191 	 -0.272930 	 0.403677
0.830718 	 -0.305381 	 0.426579
0.848579 	 -0.296893 	 0.450731
0.851478 	 -0.297430 	 0.391397
0.879593 	 -0.290540 	 0.487771
0.849282 	 -0.274189 	 0.365568
0.889029 	 -0.311117 	 0.506458
0.821492 	 -0.302127 	 0.475948
0.820695 	 -0.264087 	 0.415380
0.818405 	 -0.300896 	 0.436762
0.873630 	 -0.256821 	 0.389129
0.846299 	 -0.332290 	 0.399875
0.817764 	 -0.224342 	 0.409197
0.898168 	 -0.317228 	 0.418588
0.827922 	 -0.279145 	 0.400508
0.859439 	 -0.246105 	 0.440788
0.920652 	 -0.268446 	 0.431657
0.868015 	 -0.233279 	 0.430105
0.904729 	 -0.270038 	 0.459278
0.871745 	 -0.275591 	 0.500010
0.861300 	 -0.328052 	 0.434710
0.798745 	 -0.305921 	 0.425238
0.881996 	 -0.326191 	 0.434447
0.840005 	 -0.324053 	 0.499297
0.863159 	 -0.271109 	 0.450618
0.841860 	 -0.339975 	 0.426412
0.883513 	 -0.312644 	 0.485823
0.846750 	 -0.336708 	 0.372550
0.877033 	 -0.259126 	 0.405169
0.864166 	 -0.343464 	 0.446450
0.820385 	 -0.295348 	 0.438840
0.863628 	 -0.330430 	 0.372250
0.865719 	 -0.256564 	 0.418405
0.885595 	 -0.350993 	 0.450602
0.918223 	 -0.262675 	 0.376825
0.846429 	 -0.287638 	 0.356155
0.922447 	 -0.266221 	 0.392343
0.828572 	 -0.272914 	 0.398868
0.847067 	 -0.301793 	 0.420835
0.896473 	 -0.309147 	 0.424765
0.897182 	 -0.309060 	 0.422543
0.886641 	 -0.280376 	 0.419505
0.858570 	 -0.297893 	 0.470340
0.885327 	 -0.255840 	 0.393151
0.819849 	 -0.301824 	 0.432656
0.864725 	 -0.245431 	 0.397394
0.936356 	 -0.307740 	 0.435129
0.872482 	 -0.313452 	 0.404354
0.829461 	 -0.242464 	 0.455785
0.849709 	 -0.233800 	 0.482217
0.792352 	 -0.272153 	 0.412615
0.837382 	 -0.276401 	 0.478473
0.876406 	 -0.275490 	 0.458458
0.828662 	 -0.333940 	 0.426491
0.843813 	 -0.264063 	 0.457471
0.833826 	 -0.272610 	 0.440837
0.918325 	 -0.264998 	 0.436107
0.890322 	 -0.321070 	 0.426606
0.819134 	 -0.310242 	 0.441227
0.837157 	 -0.332885 	 0.412014
0.906081 	 -0.347208 	 0.436243
0.874038 	 -0.266675 	 0.352004
0.863918 	 -0.227202 	 0.433072
0.825181 	 -0.275552 	 0.427806
0.900187 	 -0.280997 	 0.467869
0.873078 	 -0.254570 	 0.447274
0.881415 	 -0.308162 	 0.448392
0.919682 	 -0.213772 	 0.421467
0.856123 	 -0.286604 	 0.469205
0.829722 	 -0.314520 	 0.396074
0.855835 	 -0.288756 	 0.418948
0.904209 	 -0.269197 	 0.432003
0.842968 	 -0.306545 	 0.399959
0.858842 	 -0.322993 	 0.437288
0.884215 	 -0.291997 	 0.415118
0.855719 	 -0.266939 	 0.440037
0.833215 	 -0.269613 	 0.471114
0.853808 	 -0.255251 	 0.422879
0.854976 	 -0.283240 	 0.443713
0.802385 	 -0.298841 	 0.417060
0.901130 	 -0.254442 	 0.440336
0.854952 	 -0.330087 	 0.453794
0.844345 	 -0.257114 	 0.432934
0.847117 	 -0.262351 	 0.407194
0.848918 	 -0.328568 	 0.406697
0.839539 	 -0.313085 	 0.420820
0.826975 	 -0.283573 	 0.440030
0.851930 	 -0.239690 	 0.404124
0.866918 	 -0.309236 	 0.412986
0.849898 	 -0.311023 	 0.405486
0.821044 	 -0.317232 	 0.414814
0.873940 	 -0.259274 	 0.391583
0.798594 	 -0.281711 	 0.384542
0.827655 	 -0.295329 	 0.407278
0.846299 	 -0.239095 	 0.461103
0.850305 	 -0.258868 	 0.384422
0.836954 	 -0.275061 	 0.452212
0.825178 	 -0.297531 	 0.484337
0.881162 	 -0.266042 	 0.425379
0.857946 	 -0.293157 	 0.369616
0.850023 	 -0.346630 	 0.511706
0.868694 	 -0.284326 	 0.477315
0.825486 	 -0.305993 	 0.426929
0.891640 	 -0.253778 	 0.355966
0.869344 	 -0.268048 	 0.435939
0.855143 	 -0.284919 	 0.456359
0.793514 	 -0.315622 	 0.450597
0.856900 	 -0.302659 	 0.443166
0.815921 	 -0.334423 	 0.440641
0.859922 	 -0.291528 	 0.439362
0.883429 	 -0.320921 	 0.479463
0.851963 	 -0.283673 	 0.433737
0.898283 	 -0.314148 	 0.419278
0.863319 	 -0.281929 	 0.397850
0.876367 	 -0.282889 	 0.433770
0.838585 	 -0.331538 	 0.415922
0.835615 	 -0.311766 	 0.439250
0.825837 	 -0.273196 	 0.403562
0.844905 	 -0.302608 	 0.436734
0.889706 	 -0.320952 	 0.414867
0.875469 	 -0.282474 	 0.451353
0.821159 	 -0.264435 	 0.395300
0.826557 	 -0.299876 	 0.446191
0.883506 	 -0.322901 	 0.432786
0.840600 	 -0.261272 	 0.428708
0.914656 	 -0.317760 	 0.415045
0.875386 	 -0.317108 	 0.405111
0.811624 	 -0.324289 	 0.427038
0.897154 	 -0.279622 	 0.387469
0.897844 	 -0.293471 	 0.384733
0.842641 	 -0.272493 	 0.438599
0.883625 	 -0.317471 	 0.438485
0.848304 	 -0.250874 	 0.401535
0.824971 	 -0.254965 	 0.440831
0.837196 	 -0.294942 	 0.395564
0.869307 	 -0.250281 	 0.516425
0.800268 	 -0.250668 	 0.473532
0.808378 	 -0.265860 	 0.489250
0.854715 	 -0.338188 	 0.434113
0.873947 	 -0.267567 	 0.438902
0.892151 	 -0.296693 	 0.464515
0.899648 	 -0.245518 	 0.406179
0.836588 	 -0.312144 	 0.401252
0.852134 	 -0.307383 	 0.428064
0.855992 	 -0.271962 	 0.406650
0.873705 	 -0.269903 	 0.513406
0.883065 	 -0.275654 	 0.394556
0.885966 	 -0.263402 	 0.380525
0.837806 	 -0.286704 	 0.421286
0.888095 	 -0.272849 	 0.414538
0.848202 	 -0.274459 	 0.476750
0.869782 	 -0.302251 	 0.478870
0.848345 	 -0.274660 	 0.392039
0.864405 	 -0.291939 	 0.403364
0.867627 	 -0.271824 	 0.442612
0.854246 	 -0.288092 	 0.405225
0.791296 	 -0.267937 	 0.452989
0.877400 	 -0.315320 	 0.392226
0.865731 	 -0.290928 	 0.423883
0.802437 	 -0.277772 	 0.392891
0.790328 	 -0.308035 	 0.423261
0.856609 	 -0.287892 	 0.461362
0.877456 	 -0.302208 	 0.401533
0.879928 	 -0.299315 	 0.441643
0.853272 	 -0.240164 	 0.455087
0.894262 	 -0.319575 	 0.443483
0.833902 	 -0.215429 	 0.374144
0.839193 	 -0.293057 	 0.368470
0.849040 	 -0.297141 	 0.469752
0.887235 	 -0.317440 	 0.394347
0.866418 	 -0.259684 	 0.411884
0.806860 	 -0.299925 	 0.412502
0.839255 	 -0.314488 	 0.446038
0.839585 	 -0.329145 	 0.418906
0.842456 	 -0.300832 	 0.407295
0.833900 	 -0.295691 	 0.417701
0.872033 	 -0.365975 	 0.406656
0.891819 	 -0.253244 	 0.457317
0.875822 	 -0.248428 	 0.443278
0.851395 	 -0.289203 	 0.446108
0.837496 	 -0.293271 	 0.439692
0.841754 	 -0.320603 	 0.448300
0.864805 	 -0.280662 	 0.467026
0.871387 	 -0.313564 	 0.441934
0.886443 	 -0.240487 	 0.466175
0.832829 	 -0.322914 	 0.425257
0.880353 	 -0.263593 	 0.440698
0.885976 	 -0.314451 	 0.430397
0.854133 	 -0.298232 	 0.440767
0.865401 	 -0.301737 	 0.400516
0.824708 	 -0.266411 	 0.443005
0.861645 	 -0.295225 	 0.448723
0.864622 	 -0.270859 	 0.390021
0.856057 	 -0.225489 	 0.418145
0.873778 	 -0.337468 	 0.429847
0.855153 	 -0.282376 	 0.486694
0.807975 	 -0.303501 	 0.449201
0.844927 	 -0.283801 	 0.414166
0.860688 	 -0.264234 	 0.420985
0.884365 	 -0.290271 	 0.406887
0.850662 	 -0.222273 	 0.449974
0.903947 	 -0.287066 	 0.425634
0.885332 	 -0.300870 	 0.403002
0.880642 	 -0.294931 	 0.435573
0.858030 	 -0.292768 	 0.408204
0.900708 	 -0.324952 	 0.421956
0.902194 	 -0.294751 	 0.436358
0.863668 	 -0.263320 	 0.418475
0.828963 	 -0.271142 	 0.393676
0.799385 	 -0.309563 	 0.377654
0.894818 	 -0.259791 	 0.450298
0.825255 	 -0.228623 	 0.387176
0.867229 	 -0.272066 	 0.440284
0.821568 	 -0.261868 	 0.436734
0.895996 	 -0.289142 	 0.407638
0.810425 	 -0.270877 	 0.423274
0.851764 	 -0.288721 	 0.431723
0.946966 	 -0.226816 	 0.406279
0.878327 	 -0.296418 	 0.429038
0.847311 	 -0.363668 	 0.401620
0.881774 	 -0.263846 	 0.395017
0.839746 	 -0.269229 	 0.448799
0.882679 	 -0.337637 	 0.419274
0.894176 	 -0.324737 	 0.438861
0.872183 	 -0.299208 	 0.388985
0.886135 	 -0.268660 	 0.404508
0.888645 	 -0.227029 	 0.477787
0.885808 	 -0.296213 	 0.343224
0.858165 	 -0.315633 	 0.441977
0.858442 	 -0.285241 	 0.400719
0.871991 	 -0.333548 	 0.423189
0.830220 	 -0.311077 	 0.422204
0.865231 	 -0.235659 	 0.431029
0.825384 	 -0.323072 	 0.407551
0.855351 	 -0.254351 	 0.421155
0.847337 	 -0.290927 	 0.442244
0.812998 	 -0.326074 	 0.421820
0.852996 	 -0.254070 	 0.417127
0.862106 	 -0.214454 	 0.413087
0.880447 	 -0.274640 	 0.447900
0.850997 	 -0.308224 	 0.468018
0.851545 	 -0.245250 	 0.442164
0.861217 	 -0.281908 	 0.451786
0.867621 	 -0.261394 	 0.478214
0.835788 	 -0.255968 	 0.412828
0.819432 	 -0.280860 	 0.407978
0.896430 	 -0.287904 	 0.411116
0.869688 	 -0.238435 	 0.474823
0.848129 	 -0.280632 	 0.431784
0.810562 	 -0.262158 	 0.444304
0.864646 	 -0.270169 	 0.444607
0.822354 	 -0.235743 	 0.381159
0.840694 	 -0.328589 	 0.439774
0.868797 	 -0.286915 	 0.429466
0.871213 	 -0.300910 	 0.431621
0.851623 	 -0.306182 	 0.399349
0.851195 	 -0.282765 	 0.410525
0.797276 	 -0.349024 	 0.450051
0.866205 	 -0.301985 	 0.410685
0.859651 	 -0.265561 	 0.476431
0.876148 	 -0.286834 	 0.478939
0.851721 	 -0.299756 	 0.424742
0.861454 	 -0.325190 	 0.454984
0.836901 	 -0.296490 	 0.378808
0.832564 	 -0.294425 	 0.408441
0.795047 	 -0.316131 	 0.413915
0.818645 	 -0.299275 	 0.417346
0.840100 	 -0.293691 	 0.419822
0.846180 	 -0.258246 	 0.382863
0.826268 	 -0.295651 	 0.411349
0.788077 	 -0.262620 	 0.424615
0.914344 	 -0.262287 	 0.435086
0.848276 	 -0.288856 	 0.423915
0.866015 	 -0.253367 	 0.390422
0.777728 	 -0.258690 	 0.431884
0.860440 	 -0.272523 	 0.395504
0.843211 	 -0.254579 	 0.394292
0.828571 	 -0.328918 	 0.448488
0.799409 	 -0.286973 	 0.445662
0.879595 	 -0.219218 	 0.489194
0.881445 	 -0.261849 	 0.429234
0.877470 	 -0.314272 	 0.420366
0.861712 	 -0.281624 	 0.428275
0.850877 	 -0.302287 	 0.416703
0.894890 	 -0.308615 	 0.428121
0.798361 	 -0.258012 	 0.390889
0.896422 	 -0.342466 	 0.451389
0.879528 	 -0.325964 	 0.460069
0.856166 	 -0.287329 	 0.445219
0.840837 	 -0.258783 	 0.420077
0.859786 	 -0.252931 	 0.497373
0.864798 	 -0.249799 	 0.452269
0.833180 	 -0.300080 	 0.473230
0.890467 	 -0.274249 	 0.403175
0.892528 	 -0.280555 	 0.427148
0.813127 	 -0.270046 	 0.452464
0.815190 	 -0.268974 	 0.426705
0.855098 	 -0.251424 	 0.349756
0.851172 	 -0.305178 	 0.476780
0.840346 	 -0.296554 	 0.396111
0.893808 	 -0.246906 	 0.397929
0.863947 	 -0.275553 	 0.455221
0.865360 	 -0.325373 	 0.384264
0.811935 	 -0.227991 	 0.384023
0.837317 	 -0.241147 	 0.414722
0.815309 	 -0.293344 	 0.417326
0.831377 	 -0.276144 	 0.446503
0.871784 	 -0.290909 	 0.370594
0.915798 	 -0.336243 	 0.425781
0.871935 	 -0.317976 	 0.443407
0.858825 	 -0.373183 	 0.499930
0.878333 	 -0.259287 	 0.423219
0.864005 	 -0.319262 	 0.453683
0.776496 	 -0.276380 	 0.399519
0.819591 	 -0.251003 	 0.449083
0.850094 	 -0.293838 	 0.410451
0.833356 	 -0.296796 	 0.425474
0.862171 	 -0.319839 	 0.440535
0.839936 	 -0.347872 	 0.448634
0.863290 	 -0.286881 	 0.387044
0.872951 	 -0.248164 	 0.411116
0.898803 	 -0.238320 	 0.412150
0.862130 	 -0.283625 	 0.405550
0.888306 	 -0.305781 	 0.435155
0.912145 	 -0.249104 	 0.452628
0.893808 	 -0.290826 	 0.455465
0.809539 	 -0.243738 	 0.407376
0.889530 	 -0.299718 	 0.394757
0.920592 	 -0.336114 	 0.458577
0.858338 	 -0.247136 	 0.395126
0.857012 	 -0.218295 	 0.425567
0.855382 	 -0.270021 	 0.409286
0.848468 	 -0.261028 	 0.412836
0.842043 	 -0.253946 	 0.399367
0.911277 	 -0.282395 	 0.404028
0.829428 	 -0.288402 	 0.409418
0.876994 	 -0.280145 	 0.447578
0.914040 	 -0.318871 	 0.410690
0.829067 	 -0.331618 	 0.469870
0.839776 	 -0.237875 	 0.461608
0.857955 	 -0.306852 	 0.476025
0.771947 	 -0.217594 	 0.422340
0.835857 	 -0.311888 	 0.441550
0.782197 	 -0.260910 	 0.440700
0.867153 	 -0.303306 	 0.449458
0.804059 	 -0.276769 	 0.396119
0.825998 	 -0.313736 	 0.413113
0.849858 	 -0.281981 	 0.477967
0.883318 	 -0.272900 	 0.442128
0.876024 	 -0.319815 	 0.477214
0.870310 	 -0.322096 	 0.452006
0.893865 	 -0.301720 	 0.424044
0.851226 	 -0.328984 	 0.454455
0.884692 	 -0.237910 	 0.399192
0.818579 	 -0.277677 	 0.442801
0.836229 	 -0.282470 	 0.476786
0.830343 	 -0.354751 	 0.459109
0.847557 	 -0.307446 	 0.488628
0.848640 	 -0.256108 	 0.493324
0.882347 	 -0.346129 	 0.453185
0.857047 	 -0.304909 	 0.499289
0.837905 	 -0.234053 	 0.440808
0.837379 	 -0.355570 	 0.436809
0.869796 	 -0.287411 	 0.439460
0.803687 	 -0.325028 	 0.447724
0.844799 	 -0.287821 	 0.414332
0.840299 	 -0.291303 	 0.424714
0.844987 	 -0.313213 	 0.448550
0.861739 	 -0.277762 	 0.419621
0.842352 	 -0.280590 	 0.418891
0.882391 	 -0.244642 	 0.444764
0.868881 	 -0.318743 	 0.461213
0.851164 	 -0.247261 	 0.465387
0.887001 	 -0.288413 	 0.369643
0.813041 	 -0.303954 	 0.442115
0.858570 	 -0.335804 	 0.417190
0.803330 	 -0.307529 	 0.432014
0.904039 	 -0.258966 	 0.424131
0.843319 	 -0.265719 	 0.387555
0.824642 	 -0.299588 	 0.501095
0.877606 	 -0.232451 	 0.419512
0.807515 	 -0.278712 	 0.420522
0.832184 	 -0.203237 	 0.454681
0.842422 	 -0.318312 	 0.456919
0.830914 	 -0.309409 	 0.431629
0.893612 	 -0.327700 	 0.449370
0.860868 	 -0.248960 	 0.516901
0.875597 	 -0.233240 	 0.452780
0.860447 	 -0.239495 	 0.409221
0.839699 	 -0.245516 	 0.461749
0.864295 	 -0.239116 	 0.438062
0.852662 	 -0.297921 	 0.408427
0.881729 	 -0.277524 	 0.416252
0.835097 	 -0.291461 	 0.425013
0.819051 	 -0.291778 	 0.456734
0.859642 	 -0.268860 	 0.438140
0.849205 	 -0.310628 	 0.461780
0.876346 	 -0.306247 	 0.461926
0.864680 	 -0.332846 	 0.462468
0.887003 	 -0.281453 	 0.487075
0.843428 	 -0.303818 	 0.439898
0.783298 	 -0.282530 	 0.457460
0.857856 	 -0.290303 	 0.476174
0.896047 	 -0.266962 	 0.430508
0.806669 	 -0.283098 	 0.438334
0.896164 	 -0.328135 	 0.493808
0.814785 	 -0.315329 	 0.466305
0.827355 	 -0.297028 	 0.456531
0.892309 	 -0.338304 	 0.385010
0.865149 	 -0.299398 	 0.419349
0.830820 	 -0.324126 	 0.440779
0.851635 	 -0.300140 	 0.437143
0.862740 	 -0.325958 	 0.460761
0.847291 	 -0.314909 	 0.450975
0.892006 	 -0.286534 	 0.441425
0.796815 	 -0.299220 	 0.491288
0.828114 	 -0.274181 	 0.430615
0.777939 	 -0.282305 	 0.403026
0.880868 	 -0.266624 	 0.412601
0.855197 	 -0.304712 	 0.489805
0.844084 	 -0.277536 	 0.388371
0.795683 	 -0.285498 	 0.445691
0.856153 	 -0.274918 	 0.477796
0.798961 	 -0.262600 	 0.432705
0.903913 	 -0.295413 	 0.431122
0.854761 	 -0.299757 	 0.429153
0.850188 	 -0.281153 	 0.419289
0.880771 	 -0.365601 	 0.423344
0.868595 	 -0.318323 	 0.447965
0.838897 	 -0.290996 	 0.401178
0.841019 	 -0.290769 	 0.459465
0.827477 	 -0.310810 	 0.430595
0.865782 	 -0.299737 	 0.430251
0.794364 	 -0.308004 	 0.445091
0.829605 	 -0.346683 	 0.458233
0.827079 	 -0.276016 	 0.427797
0.830462 	 -0.319105 	 0.447931
0.858726 	 -0.279409 	 0.441744
0.846028 	 -0.272793 	 0.409756
0.859780 	 -0.338554 	 0.458449
0.853785 	 -0.290185 	 0.493683
0.896525 	 -0.283360 	 0.460353
0.901903 	 -0.266100 	 0.450675
0.800139 	 -0.307141 	 0.463116
0.812846 	 -0.287478 	 0.433514
0.831118 	 -0.315146 	 0.465771
0.815285 	 -0.280870 	 0.463235
0.817919 	 -0.276525 	 0.448849
0.899518 	 -0.303599 	 0.450489
0.789471 	 -0.212705 	 0.421797
0.836365 	 -0.286484 	 0.437316
0.886934 	 -0.305098 	 0.466140
0.861606 	 -0.318669 	 0.431049
0.849799 	 -0.254598 	 0.424536
0.878452 	 -0.297871 	 0.442002
0.843807 	 -0.277360 	 0.478096
0.850196 	 -0.271308 	 0.438620
0.812181 	 -0.245723 	 0.429298
0.869135 	 -0.243174 	 0.436199
0.813169 	 -0.290024 	 0.361603
0.881856 	 -0.284847 	 0.430646
0.908417 	 -0.287562 	 0.458181
0.839758 	 -0.349630 	 0.375111
0.819180 	 -0.296576 	 0.515789
0.805261 	 -0.305932 	 0.412274
0.802103 	 -0.292824 	 0.404342
0.841367 	 -0.295483 	 0.437891
0.838336 	 -0.316661 	 0.424815
0.813429 	 -0.239025 	 0.464004
0.874395 	 -0.246884 	 0.428744
0.884851 	 -0.269808 	 0.401460
0.858220 	 -0.247576 	 0.474686
0.885907 	 -0.278021 	 0.441145
0.782792 	 -0.300116 	 0.441056
0.854031 	 -0.257975 	 0.414343
0.870631 	 -0.311335 	 0.439306
0.865417 	 -0.355460 	 0.423302
0.818496 	 -0.297983 	 0.366726
0.844791 	 -0.285758 	 0.423603
0.898802 	 -0.258791 	 0.396488
0.836339 	 -0.279736 	 0.476040
0.846899 	 -0.317144 	 0.427347
0.824321 	 -0.241222 	 0.467441
0.867098 	 -0.282818 	 0.412826
0.879816 	 -0.342359 	 0.456265
0.860628 	 -0.256630 	 0.489860
0.899005 	 -0.289085 	 0.472130
0.854687 	 -0.279617 	 0.479479
0.822461 	 -0.266972 	 0.447424
0.866571 	 -0.294778 	 0.455311
0.876220 	 -0.258995 	 0.425847
0.905136 	 -0.277142 	 0.427542
0.862783 	 -0.332935 	 0.451517
0.818264 	 -0.311302 	 0.427966
0.828294 	 -0.265699 	 0.432581
0.836568 	 -0.291939 	 0.448730
0.840979 	 -0.347757 	 0.444824
0.849350 	 -0.316706 	 0.401042
0.831609 	 -0.300220 	 0.458472
0.847345 	 -0.270333 	 0.437593
0.877599 	 -0.291892 	 0.453509
0.858432 	 -0.335572 	 0.416303
0.845231 	 -0.293241 	 0.477789
0.851125 	 -0.308205 	 0.395290
0.820158 	 -0.288077 	 0.420558
0.858070 	 -0.307185 	 0.442144
0.884760 	 -0.268612 	 0.496117
0.856608 	 -0.227578 	 0.457960
0.873140 	 -0.335480 	 0.470446
0.803022 	 -0.306428 	 0.426683
0.893842 	 -0.339044 	 0.422267
0.817211 	 -0.270520 	 0.473763
0.838143 	 -0.295104 	 0.511372
0.821392 	 -0.257609 	 0.454438
0.858233 	 -0.333638 	 0.409387
0.888224 	 -0.229483 	 0.415672
0.822977 	 -0.291372 	 0.461222
0.827566 	 -0.329056 	 0.440730
0.803535 	 -0.330736 	 0.451696
0.892191 	 -0.287670 	 0.411177
0.871956 	 -0.296537 	 0.454033
0.800531 	 -0.304996 	 0.459095
0.830597 	 -0.322745 	 0.453500
0.886281 	 -0.288620 	 0.428125
0.835301 	 -0.276923 	 0.357574
0.863382 	 -0.305280 	 0.500186
0.879842 	 -0.281008 	 0.457012
0.813730 	 -0.280534 	 0.416678
0.843875 	 -0.255111 	 0.445317
0.848200 	 -0.222213 	 0.402674
0.822226 	 -0.298223 	 0.440972
0.780533 	 -0.284346 	 0.457431
0.834993 	 -0.228391 	 0.455053
0.828641 	 -0.344387 	 0.404390
0.882610 	 -0.313269 	 0.468339
0.837693 	 -0.294215 	 0.479997
0.837962 	 -0.284823 	 0.412042
0.810874 	 -0.319332 	 0.454043
0.881332 	 -0.265594 	 0.435722
0.778831 	 -0.301192 	 0.460740
0.784874 	 -0.272296 	 0.482583
0.876972 	 -0.274458 	 0.442453
0.828895 	 -0.353814 	 0.460372
0.838035 	 -0.293804 	 0.461870
0.832435 	 -0.339788 	 0.459119
0.818651 	 -0.288518 	 0.448253
0.874770 	 -0.287743 	 0.459737
0.817429 	 -0.272132 	 0.417805
0.866525 	 -0.290821 	 0.414989
0.865953 	 -0.286267 	 0.390166
0.827278 	 -0.288076 	 0.514322
0.837600 	 -0.311196 	 0.422163
0.884489 	 -0.305585 	 0.412270
0.834765 	 -0.285347 	 0.460361
0.835997 	 -0.330152 	 0.401998
0.896672 	 -0.313419 	 0.413314
0.854923 	 -0.301491 	 0.424194
0.849214 	 -0.291253 	 0.448792
0.857303 	 -0.276409 	 0.470009
0.835133 	 -0.297869 	 0.506952
0.845454 	 -0.305950 	 0.497803
0.862482 	 -0.285141 	 0.492824
0.856810 	 -0.286443 	 0.431359
0.823269 	 -0.315766 	 0.416113
0.887022 	 -0.325908 	 0.458527
0.864500 	 -0.268922 	 0.424940
0.909972 	 -0.272440 	 0.450074
0.830737 	 -0.255384 	 0.457800
0.878961 	 -0.292802 	 0.401817
0.883218 	 -0.305455 	 0.426200
0.832536 	 -0.254080 	 0.514798
0.879616 	 -0.259708 	 0.455383
0.844149 	 -0.299228 	 0.452629
0.843925 	 -0.310002 	 0.446046
0.840084 	 -0.307868 	 0.407880
0.837529 	 -0.319742 	 0.437802
0.855582 	 -0.316352 	 0.494975
0.877169 	 -0.253096 	 0.419636
0.832922 	 -0.339423 	 0.404510
0.818089 	 -0.326028 	 0.399706
0.844164 	 -0.271622 	 0.421980
0.847340 	 -0.293133 	 0.440178
0.831592 	 -0.292039 	 0.426801
0.835502 	 -0.339742 	 0.444861
0.860559 	 -0.277655 	 0.478804
0.855411 	 -0.292246 	 0.468192
0.782872 	 -0.229707 	 0.418230
0.881857 	 -0.246880 	 0.457623
0.820399 	 -0.237936 	 0.415355
0.877814 	 -0.262251 	 0.449039
0.899462 	 -0.248862 	 0.483852
0.829441 	 -0.302908 	 0.489157
0.796617 	 -0.301583 	 0.444055
0.880507 	 -0.366284 	 0.467096
0.792008 	 -0.337092 	 0.411480
0.833918 	 -0.268433 	 0.455454
0.866245 	 -0.289014 	 0.477395
0.786799 	 -0.345616 	 0.413495
0.887728 	 -0.274959 	 0.457740
0.893084 	 -0.283403 	 0.449228
0.819629 	 -0.280560 	 0.488671
0.901584 	 -0.252417 	 0.430728
0.823296 	 -0.270449 	 0.433580
0.847433 	 -0.302869 	 0.453231
0.807121 	 -0.287960 	 0.417003
0.859263 	 -0.263707 	 0.444244
0.839061 	 -0.277082 	 0.417237
0.881533 	 -0.219437 	 0.478258
0.857146 	 -0.270029 	 0.501605
0.830709 	 -0.210091 	 0.458669
0.827339 	 -0.310525 	 0.441215
0.805235 	 -0.343713 	 0.486412
0.878835 	 -0.316806 	 0.439574
0.827886 	 -0.260348 	 0.430937
0.877765 	 -0.318660 	 0.496381
0.850075 	 -0.363036 	 0.425094
0.895258 	 -0.303165 	 0.426228
0.796305 	 -0.272264 	 0.425919
0.857955 	 -0.281889 	 0.497199
0.842579 	 -0.340013 	 0.385037
0.855333 	 -0.274022 	 0.422648
0.851196 	 -0.322454 	 0.492751
0.877951 	 -0.258665 	 0.420886
0.817851 	 -0.210930 	 0.454516
0.899112 	 -0.329325 	 0.432130
0.853252 	 -0.259378 	 0.461774
0.834404 	 -0.298785 	 0.439259
0.862895 	 -0.263671 	 0.518398
0.917862 	 -0.286444 	 0.377654
0.857651 	 -0.216941 	 0.467883
0.814856 	 -0.291697 	 0.438848
0.832048 	 -0.295350 	 0.424494
0.882538 	 -0.322319 	 0.435593
0.835729 	 -0.285937 	 0.474820
0.823221 	 -0.354207 	 0.430913
0.838460 	 -0.323356 	 0.446089
0.835112 	 -0.299874 	 0.433652
0.803805 	 -0.247599 	 0.425682
0.821392 	 -0.290344 	 0.477985
0.850431 	 -0.228002 	 0.494308
0.870799 	 -0.274307 	 0.444128
0.815552 	 -0.324740 	 0.440275
0.830993 	 -0.300986 	 0.414362
0.832376 	 -0.316976 	 0.418227
0.877473 	 -0.320877 	 0.495573
0.837173 	 -0.245315 	 0.435761
0.847591 	 -0.274269 	 0.428192
0.824396 	 -0.312332 	 0.495939
0.834179 	 -0.319590 	 0.382291
0.822142 	 -0.244513 	 0.466318
0.857586 	 -0.274121 	 0.424588
0.798759 	 -0.360286 	 0.444057
0.859551 	 -0.304214 	 0.455451
0.836715 	 -0.281557 	 0.515843
0.864723 	 -0.253354 	 0.485635
0.791627 	 -0.305310 	 0.441861
0.790790 	 -0.288207 	 0.476369
0.832073 	 -0.298190 	 0.423531
0.878291 	 -0.303395 	 0.439389
0.786992 	 -0.339517 	 0.454247
0.887715 	 -0.309542 	 0.487187
0.875745 	 -0.317821 	 0.397344
0.859527 	 -0.290250 	 0.453131
0.838086 	 -0.268344 	 0.352657
0.877810 	 -0.294598 	 0.473699
0.827782 	 -0.307131 	 0.532650
0.860049 	 -0.287430 	 0.388560
0.893794 	 -0.356517 	 0.443268
0.872874 	 -0.259665 	 0.488070
0.834791 	 -0.287820 	 0.415023
0.848118 	 -0.329085 	 0.391474
0.853189 	 -0.281208 	 0.448098
0.858084 	 -0.271327 	 0.418034
0.842566 	 -0.333573 	 0.446803
0.795479 	 -0.315955 	 0.453972
0.839664 	 -0.325541 	 0.454761
0.841703 	 -0.294414 	 0.447287
0.859979 	 -0.260487 	 0.467868
0.870229 	 -0.290151 	 0.462600
0.849882 	 -0.281894 	 0.459349
0.826509 	 -0.239181 	 0.472466
0.796952 	 -0.324420 	 0.405189
0.919578 	 -0.291810 	 0.426174
0.881322 	 -0.271469 	 0.459407
0.849398 	 -0.331022 	 0.374294
0.790676 	 -0.259184 	 0.407141
0.861847 	 -0.265893 	 0.459369
0.835165 	 -0.293833 	 0.466540
0.845951 	 -0.329816 	 0.450825
0.836059 	 -0.315295 	 0.432027
0.852288 	 -0.286549 	 0.443004
0.849728 	 -0.324673 	 0.471614
0.844687 	 -0.307497 	 0.457408
0.861358 	 -0.315476 	 0.466584
0.809900 	 -0.317642 	 0.452271
0.860075 	 -0.273017 	 0.463349
0.822138 	 -0.292981 	 0.429999
0.851505 	 -0.228553 	 0.486028
0.816735 	 -0.279183 	 0.499007
0.854948 	 -0.265181 	 0.452728
0.808094 	 -0.268147 	 0.439497
0.832030 	 -0.340100 	 0.443868
0.838418 	 -0.281121 	 0.415812
0.932635 	 -0.275044 	 0.441265
0.857412 	 -0.284505 	 0.464391
0.855746 	 -0.284507 	 0.469483
0.829275 	 -0.298522 	 0.475669
0.838281 	 -0.289229 	 0.452048
0.870716 	 -0.291662 	 0.431778
0.842781 	 -0.303158 	 0.481437
0.835568 	 -0.260382 	 0.360299
0.876470 	 -0.307917 	 0.449087
0.825033 	 -0.297587 	 0.482831
0.822667 	 -0.319555 	 0.486321
0.809714 	 -0.277895 	 0.432662
0.798406 	 -0.263426 	 0.401676
0.844388 	 -0.307675 	 0.497534
0.825788 	 -0.315602 	 0.449166
0.810707 	 -0.316042 	 0.442623
0.819533 	 -0.273113 	 0.426640
0.876023 	 -0.290976 	 0.448162
0.861835 	 -0.304000 	 0.487232
0.855094 	 -0.310791 	 0.472013
0.834669 	 -0.304048 	 0.457477
0.855546 	 -0.257625 	 0.419773
0.924059 	 -0.289013 	 0.488912
0.860364 	 -0.312134 	 0.466597
0.785406 	 -0.281918 	 0.468314
0.863461 	 -0.270783 	 0.460071
0.842299 	 -0.294572 	 0.503059
0.855971 	 -0.239397 	 0.422811
0.883906 	 -0.250575 	 0.401218
0.833250 	 -0.288491 	 0.489563
0.849586 	 -0.352668 	 0.462569
0.800309 	 -0.297267 	 0.444630
0.880117 	 -0.351068 	 0.445761
0.839271 	 -0.316112 	 0.484089
0.908392 	 -0.323651 	 0.423162
0.806365 	 -0.254683 	 0.423901
0.833967 	 -0.269056 	 0.453719
0.830046 	 -0.233782 	 0.468273
0.805785 	 -0.330164 	 0.413992
0.845991 	 -0.357672 	 0.463650
0.807459 	 -0.262245 	 0.436575
0.836348 	 -0.324798 	 0.393860
0.868131 	 -0.291694 	 0.447449
0.844100 	 -0.249576 	 0.526080
0.879084 	 -0.286030 	 0.416738
0.811141 	 -0.241279 	 0.425477
0.776017 	 -0.250855 	 0.485298
0.852103 	 -0.276998 	 0.459617
0.840892 	 -0.319321 	 0.434736
0.871866 	 -0.286227 	 0.478578
0.845807 	 -0.277300 	 0.479666
0.824730 	 -0.264908 	 0.437126
0.820964 	 -0.366267 	 0.456862
0.836568 	 -0.312295 	 0.421931
0.847816 	 -0.247347 	 0.454245
0.847701 	 -0.242628 	 0.382778
0.885975 	 -0.353793 	 0.486175
0.810321 	 -0.342353 	 0.445064
0.788791 	 -0.240753 	 0.446119
0.857059 	 -0.298304 	 0.424970
0.846948 	 -0.297399 	 0.459565
0.825243 	 -0.279924 	 0.436786
0.855096 	 -0.278710 	 0.438500
0.850625 	 -0.304165 	 0.464351
0.729926 	 -0.256816 	 0.484835
0.802971 	 -0.333644 	 0.488995
0.792815 	 -0.314827 	 0.494748
0.836165 	 -0.308300 	 0.431328
0.886282 	 -0.302150 	 0.463196
0.894082 	 -0.309093 	 0.441600
0.851074 	 -0.325828 	 0.398254
0.829122 	 -0.313066 	 0.524836
0.858612 	 -0.254588 	 0.400579
0.839370 	 -0.274486 	 0.450253
0.807988 	 -0.306276 	 0.470975
0.877317 	 -0.245604 	 0.404015
0.852859 	 -0.307752 	 0.423694
0.834073 	 -0.276532 	 0.413489
0.829684 	 -0.321838 	 0.435899
0.838130 	 -0.306225 	 0.419177
0.863035 	 -0.320693 	 0.428535
0.835699 	 -0.253961 	 0.440265
0.817312 	 -0.287712 	 0.444530
0.813701 	 -0.250618 	 0.441197
0.779630 	 -0.321563 	 0.461448
0.842563 	 -0.267320 	 0.472240
0.851055 	 -0.302606 	 0.460831
0.835445 	 -0.314161 	 0.491565
0.876248 	 -0.353059 	 0.448142
0.872214 	 -0.296390 	 0.513354
0.889926 	 -0.252917 	 0.481633
0.880395 	 -0.300707 	 0.503569
0.870910 	 -0.304787 	 0.456472
0.853220 	 -0.301232 	 0.430134
0.848378 	 -0.248608 	 0.422713
0.867037 	 -0.333090 	 0.451315
0.788708 	 -0.249240 	 0.447774
0.863546 	 -0.312890 	 0.512489
0.826224 	 -0.307947 	 0.434172
0.877592 	 -0.269440 	 0.441830
0.810319 	 -0.265278 	 0.433710
0.846713 	 -0.281557 	 0.494404
0.840429 	 -0.255793 	 0.451255
0.866896 	 -0.314989 	 0.460254
0.811984 	 -0.252572 	 0.391646
0.826445 	 -0.230747 	 0.473843
0.858903 	 -0.249804 	 0.464252
0.788435 	 -0.339045 	 0.433102
0.812528 	 -0.293245 	 0.435882
0.874232 	 -0.270103 	 0.458496
0.828016 	 -0.234121 	 0.461012
0.847093 	 -0.329783 	 0.458323
0.836233 	 -0.275655 	 0.464370
0.896798 	 -0.264594 	 0.429259
0.849626 	 -0.280630 	 0.458190
0.818876 	 -0.315957 	 0.474887
0.848025 	 -0.298406 	 0.505845
0.811607 	 -0.284455 	 0.441159
0.834103 	 -0.343886 	 0.471679
0.887754 	 -0.287028 	 0.435423
0.801128 	 -0.276729 	 0.517251
0.867367 	 -0.329787 	 0.422951
0.782666 	 -0.276023 	 0.456997
0.853700 	 -0.248718 	 0.482816
0.877374 	 -0.249146 	 0.435800
0.808536 	 -0.311574 	 0.498406
0.828160 	 -0.329352 	 0.473418
0.851517 	 -0.290223 	 0.444484
0.797526 	 -0.253493 	 0.429450
0.786881 	 -0.317868 	 0.473720
0.857373 	 -0.310512 	 0.480271
0.870169 	 -0.311964 	 0.492411
0.888665 	 -0.266734 	 0.496013
0.849433 	 -0.242631 	 0.491409
0.792290 	 -0.304447 	 0.389968
0.828189 	 -0.308831 	 0.437035
0.850377 	 -0.328443 	 0.467675
0.817470 	 -0.307985 	 0.456352
0.856240 	 -0.241585 	 0.456738
0.860105 	 -0.246987 	 0.458868
0.855845 	 -0.296203 	 0.485471
0.824520 	 -0.267103 	 0.444029
0.818338 	 -0.326249 	 0.468794
0.868315 	 -0.280630 	 0.458603
0.864441 	 -0.254574 	 0.452569
0.863665 	 -0.314695 	 0.448991
0.886199 	 -0.295857 	 0.488752
0.794956 	 -0.298699 	 0.430001
0.847162 	 -0.318488 	 0.458847
0.850002 	 -0.275542 	 0.440589
0.830715 	 -0.341646 	 0.452540
0.760708 	 -0.305992 	 0.465718
0.854941 	 -0.289660 	 0.464479
0.799616 	 -0.299382 	 0.459428
0.854624 	 -0.333278 	 0.445085
0.876894 	 -0.277238 	 0.436057
0.791150 	 -0.320283 	 0.464570
0.855218 	 -0.316763 	 0.416284
0.835650 	 -0.314630 	 0.478706
0.878108 	 -0.247025 	 0.435788
0.873967 	 -0.298147 	 0.404017
0.878484 	 -0.310649 	 0.404656
0.843960 	 -0.340628 	 0.503124
0.887116 	 -0.276012 	 0.462789
0.798528 	 -0.289021 	 0.452250
0.817978 	 -0.297413 	 0.414782
0.824407 	 -0.260524 	 0.474908
0.804215 	 -0.270537 	 0.448440
0.873869 	 -0.284546 	 0.435768
0.818929 	 -0.255904 	 0.446012
0.832625 	 -0.326889 	 0.506756
0.848703 	 -0.274629 	 0.494323
0.848474 	 -0.275759 	 0.476222
0.828461 	 -0.314581 	 0.467517
0.787291 	 -0.257403 	 0.477422
0.817149 	 -0.279115 	 0.462348
0.893942 	 -0.298273 	 0.495364
0.817588 	 -0.321807 	 0.431091
0.831558 	 -0.299467 	 0.483077
0.893875 	 -0.286492 	 0.470297
0.809415 	 -0.273861 	 0.401555
0.821912 	 -0.267473 	 0.441615
0.857062 	 -0.314400 	 0.506889
0.831332 	 -0.317231 	 0.497455
0.801648 	 -0.351593 	 0.491248
0.851810 	 -0.320152 	 0.468821
0.829459 	 -0.303004 	 0.440549
0.867282 	 -0.296858 	 0.445790
0.782307 	 -0.310948 	 0.526703
0.841571 	 -0.315287 	 0.456644
0.868462 	 -0.304919 	 0.477872
0.837980 	 -0.268158 	 0.407272
0.878751 	 -0.321696 	 0.451209
0.845319 	 -0.313516 	 0.473996
0.795236 	 -0.334089 	 0.480745
0.807896 	 -0.263782 	 0.471576
0.837031 	 -0.264841 	 0.451071
0.812979 	 -0.310253 	 0.420013
0.802159 	 -0.298856 	 0.481812
0.798337 	 -0.345482 	 0.481935
0.762387 	 -0.327715 	 0.455242
0.832617 	 -0.317128 	 0.464338
0.852461 	 -0.296980 	 0.496654
0.824344 	 -0.284198 	 0.412809
0.836042 	 -0.300405 	 0.483988
0.866917 	 -0.275300 	 0.474201
0.836701 	 -0.279975 	 0.433521
0.819635 	 -0.320808 	 0.472080
0.881702 	 -0.263705 	 0.445377
0.835053 	 -0.263116 	 0.451899
0.879357 	 -0.312399 	 0.409335
0.820955 	 -0.321860 	 0.462943
0.828122 	 -0.285162 	 0.454669
0.840427 	 -0.269543 	 0.452155
0.844353 	 -0.326280 	 0.427001
0.823249 	 -0.316753 	 0.463246
0.874229 	 -0.280713 	 0.449155
0.838070 	 -0.279304 	 0.457413
0.847024 	 -0.291695 	 0.470188
0.855959 	 -0.275180 	 0.457165
0.787165 	 -0.322796 	 0.551948
0.833826 	 -0.337704 	 0.426585
0.814305 	 -0.254669 	 0.460002
0.865392 	 -0.321297 	 0.488963
0.850720 	 -0.300799 	 0.442877
0.855430 	 -0.246216 	 0.451600
0.845499 	 -0.314189 	 0.458625
0.813269 	 -0.316507 	 0.483340
0.796487 	 -0.284020 	 0.469613
0.815213 	 -0.293752 	 0.436932
0.791820 	 -0.315647 	 0.452497
0.813393 	 -0.305766 	 0.451650
0.820286 	 -0.291862 	 0.511832
0.863348 	 -0.292360 	 0.502177
0.817546 	 -0.266712 	 0.521656
0.887307 	 -0.283151 	 0.464626
0.809872 	 -0.322468 	 0.473033
0.816299 	 -0.322143 	 0.455199
0.829117 	 -0.242413 	 0.412649
0.797585 	 -0.320930 	 0.489339
0.808413 	 -0.315211 	 0.500511
0.777190 	 -0.318781 	 0.501807
0.811669 	 -0.325931 	 0.538610
0.849643 	 -0.304269 	 0.466835
0.769609 	 -0.313139 	 0.501517
0.846816 	 -0.305278 	 0.418133
0.865266 	 -0.280254 	 0.459889
0.889004 	 -0.293564 	 0.402709
0.841719 	 -0.282660 	 0.480104
0.832499 	 -0.264000 	 0.494243
0.865745 	 -0.330720 	 0.480796
0.785151 	 -0.283725 	 0.505161
0.801618 	 -0.335683 	 0.387153
0.823833 	 -0.300328 	 0.471025
0.844073 	 -0.315714 	 0.444326
0.834532 	 -0.317771 	 0.443660
0.876025 	 -0.346246 	 0.459412
0.850016 	 -0.304620 	 0.427694
0.806055 	 -0.310521 	 0.453740
0.819839 	 -0.290938 	 0.452778
0.848718 	 -0.338797 	 0.436823
0.850569 	 -0.273304 	 0.488117
0.888684 	 -0.289026 	 0.464277
0.793749 	 -0.303478 	 0.491158
0.821346 	 -0.347163 	 0.462817
0.814992 	 -0.311995 	 0.454503
0.848554 	 -0.305307 	 0.449040
0.859671 	 -0.285159 	 0.453866
0.874300 	 -0.296645 	 0.489406
0.844520 	 -0.321292 	 0.437036
0.801221 	 -0.305082 	 0.526597
0.831277 	 -0.279223 	 0.432336
0.854087 	 -0.274230 	 0.474629
0.838309 	 -0.340028 	 0.509936
0.777670 	 -0.262906 	 0.445537
0.871543 	 -0.295090 	 0.459263
0.805052 	 -0.324900 	 0.466357
0.868587 	 -0.349781 	 0.500261
0.811418 	 -0.373538 	 0.461934
0.844384 	 -0.305108 	 0.453905
0.750529 	 -0.335323 	 0.451232
