0.000000	0.000000	0.000000	1.000000	
0.314106	-0.374696	0.702389	0.517290	
0.323967	-0.382729	0.716068	0.485603	
0.331388	-0.385107	0.725889	0.463638	
0.333966	-0.385734	0.729086	0.456190	
0.335532	-0.388088	0.730663	0.450485	
0.338466	-0.386473	0.731534	0.448261	
0.337482	-0.386987	0.729705	0.451527	
0.340189	-0.386442	0.733150	0.444326	
0.342349	-0.386777	0.734681	0.439823	
0.343017	-0.387348	0.734498	0.439105	
0.345359	-0.386969	0.735698	0.435582	
0.345624	-0.386936	0.736055	0.434797	
0.346338	-0.387643	0.737427	0.431259	
0.348206	-0.386966	0.737361	0.430474	
0.348559	-0.387482	0.737291	0.429844	
0.350492	-0.386550	0.738451	0.427112	
0.351196	-0.386327	0.738398	0.426826	
0.351770	-0.385810	0.739049	0.425694	
0.354189	-0.384642	0.740687	0.421880	
0.354507	-0.384150	0.741159	0.421233	
0.356128	-0.383691	0.742450	0.417998	
0.356036	-0.383498	0.742231	0.418641	
0.355893	-0.382879	0.743158	0.417685	
0.356429	-0.382816	0.743359	0.416926	
0.356830	-0.382894	0.743974	0.415412	
0.357840	-0.382668	0.744080	0.414561	
0.358726	-0.382442	0.745212	0.411962	
0.359459	-0.382218	0.745176	0.411597	
0.360733	-0.381758	0.746043	0.409332	
0.360913	-0.382190	0.746143	0.408587	
0.360630	-0.382144	0.745809	0.409489	
0.361419	-0.381830	0.745986	0.408764	
0.361370	-0.381900	0.745458	0.409703	
0.361630	-0.381664	0.745558	0.409512	
0.361284	-0.381424	0.745701	0.409780	
0.360966	-0.382168	0.745595	0.409560	
0.360301	-0.382685	0.745713	0.409448	
0.360784	-0.382365	0.746509	0.407867	
0.359835	-0.382725	0.746415	0.408540	
0.359885	-0.382432	0.746053	0.409431	
0.359991	-0.382656	0.746254	0.408761	
0.360170	-0.382360	0.746562	0.408318	
0.360850	-0.382352	0.747198	0.406558	
0.361666	-0.382107	0.747275	0.405921	
0.361142	-0.382776	0.747053	0.406166	
0.361366	-0.382707	0.747128	0.405895	
0.361975	-0.382776	0.747300	0.404968	
0.362668	-0.382580	0.747447	0.404263	
0.362414	-0.383044	0.747631	0.403709	
0.362916	-0.383391	0.747187	0.403750	
0.363758	-0.382937	0.747848	0.402198	
0.364463	-0.382313	0.748131	0.401626	
0.365297	-0.382231	0.748262	0.400702	
0.365234	-0.382216	0.748452	0.400418	
0.365442	-0.382283	0.748672	0.399753	
0.365816	-0.381980	0.749199	0.398712	
0.366216	-0.381786	0.749395	0.398160	
0.366297	-0.381541	0.749423	0.398267	
0.366561	-0.381566	0.749425	0.397998	
0.366242	-0.382084	0.749322	0.397989	
0.366232	-0.382144	0.749179	0.398210	
0.366670	-0.382044	0.749406	0.397475	
0.366922	-0.382073	0.749572	0.396901	
0.366577	-0.382084	0.749421	0.397495	
0.366314	-0.381481	0.749551	0.398069	
0.366324	-0.381676	0.749256	0.398428	
0.365916	-0.381796	0.748973	0.399220	
0.365889	-0.381595	0.749259	0.398899	
0.365862	-0.381662	0.749605	0.398209	
0.365527	-0.381799	0.749196	0.399155	
0.365266	-0.381660	0.749283	0.399363	
0.365786	-0.381449	0.749409	0.398853	
0.366325	-0.381020	0.749851	0.397937	
0.366284	-0.380971	0.749850	0.398023	
0.366244	-0.380894	0.750376	0.397141	
0.366596	-0.380657	0.750605	0.396610	
0.367377	-0.380658	0.750658	0.395784	
0.367583	-0.380109	0.750817	0.395821	
0.367710	-0.379924	0.750802	0.395909	
0.367454	-0.380208	0.750446	0.396548	
0.367349	-0.380116	0.750573	0.396493	
0.367399	-0.379929	0.750855	0.396092	
0.367531	-0.379780	0.750690	0.396426	
0.367239	-0.379741	0.750755	0.396610	
0.367806	-0.379785	0.750948	0.395675	
0.368137	-0.379604	0.751216	0.395032	
0.368001	-0.379576	0.751316	0.394995	
0.368289	-0.379896	0.751231	0.394581	
0.368064	-0.380265	0.751230	0.394437	
0.368403	-0.380104	0.751480	0.393799	
0.368316	-0.380118	0.751269	0.394270	
0.368111	-0.380144	0.751176	0.394613	
0.368196	-0.380008	0.751240	0.394543	
0.367968	-0.379984	0.751368	0.394536	
0.367508	-0.380284	0.751297	0.394809	
0.367508	-0.380272	0.751029	0.395332	
0.367542	-0.379939	0.751274	0.395154	
0.367545	-0.379586	0.751456	0.395145	
0.368067	-0.379221	0.751482	0.394960	
0.368235	-0.379307	0.751414	0.394849	
0.368482	-0.379270	0.751381	0.394717	
0.368512	-0.379132	0.751345	0.394891	
0.368457	-0.379463	0.751009	0.395262	
0.368957	-0.379390	0.750974	0.394933	
0.368962	-0.379639	0.750860	0.394906	
0.369170	-0.379785	0.750648	0.394974	
0.369601	-0.379621	0.750659	0.394707	
0.370003	-0.379627	0.750653	0.394337	
0.370028	-0.379600	0.750735	0.394183	
0.369449	-0.379887	0.750366	0.395151	
0.369703	-0.379676	0.750659	0.394559	
0.369733	-0.379431	0.750803	0.394492	
0.369504	-0.379241	0.750713	0.395060	
0.369692	-0.379256	0.750627	0.395034	
0.369881	-0.379375	0.750689	0.394626	
0.369168	-0.379661	0.750774	0.394856	
0.368538	-0.379908	0.750808	0.395142	
0.368662	-0.379931	0.750916	0.394799	
0.368866	-0.380042	0.750888	0.394554	
0.369140	-0.380066	0.750673	0.394684	
0.369027	-0.380183	0.750719	0.394591	
0.368649	-0.380501	0.750645	0.394777	
0.368521	-0.380342	0.750705	0.394936	
0.368116	-0.380660	0.750835	0.394760	
0.368038	-0.380750	0.750733	0.394940	
0.367849	-0.380745	0.750700	0.395184	
0.367895	-0.380983	0.750777	0.394765	
0.367781	-0.381347	0.750720	0.394626	
0.368283	-0.381367	0.750417	0.394717	
0.368320	-0.381262	0.750507	0.394612	
0.368415	-0.381264	0.750576	0.394391	
0.368324	-0.381106	0.750737	0.394322	
0.368757	-0.380900	0.750849	0.393904	
0.368721	-0.380793	0.751042	0.393672	
0.369050	-0.380990	0.750975	0.393301	
0.369148	-0.380874	0.750902	0.393459	
0.368907	-0.381133	0.750882	0.393474	
0.368591	-0.381237	0.750950	0.393540	
0.368773	-0.381511	0.750724	0.393535	
0.369067	-0.381021	0.750932	0.393337	
0.369756	-0.380760	0.750931	0.392944	
0.369680	-0.380759	0.751106	0.392681	
0.369728	-0.380936	0.750971	0.392723	
0.370093	-0.380902	0.750916	0.392517	
0.370416	-0.380837	0.750694	0.392700	
0.370485	-0.380968	0.750811	0.392285	
0.370312	-0.381021	0.750927	0.392174	
0.370644	-0.380836	0.750935	0.392024	
0.370276	-0.381287	0.750362	0.393030	
0.370280	-0.381334	0.750539	0.392642	
0.369891	-0.381390	0.750358	0.393299	
0.369295	-0.381445	0.750434	0.393662	
0.368975	-0.381551	0.750327	0.394062	
0.369051	-0.381443	0.750270	0.394204	
0.369151	-0.381423	0.750207	0.394249	
0.369114	-0.381530	0.750263	0.394075	
0.369597	-0.381138	0.750056	0.394396	
0.369719	-0.381028	0.750104	0.394296	
0.369598	-0.381119	0.749989	0.394540	
0.369631	-0.381092	0.750122	0.394283	
0.369205	-0.380782	0.750143	0.394940	
0.369311	-0.380539	0.750339	0.394704	
0.369541	-0.380871	0.750067	0.394685	
0.369515	-0.381057	0.749995	0.394666	
0.369806	-0.381212	0.749837	0.394545	
0.369538	-0.381185	0.749930	0.394646	
0.369471	-0.381191	0.749752	0.395040	
0.369454	-0.381193	0.749945	0.394688	
0.369383	-0.381423	0.749869	0.394675	
0.369487	-0.381269	0.750048	0.394387	
0.369398	-0.381219	0.750158	0.394310	
0.368926	-0.381564	0.749812	0.395075	
0.369526	-0.381519	0.749637	0.394889	
0.369618	-0.381331	0.749833	0.394614	
0.369412	-0.381501	0.749886	0.394542	
0.368934	-0.381606	0.749787	0.395074	
0.368933	-0.381758	0.749684	0.395123	
0.369043	-0.381857	0.749861	0.394589	
0.368924	-0.381797	0.749804	0.394867	
0.368710	-0.381798	0.749848	0.394982	
0.369155	-0.381883	0.749730	0.394707	
0.369555	-0.381863	0.749390	0.394998	
0.369607	-0.382083	0.749297	0.394915	
0.369465	-0.382194	0.749226	0.395074	
0.369446	-0.382467	0.749213	0.394853	
0.369619	-0.382378	0.749224	0.394757	
0.369632	-0.382424	0.749217	0.394712	
0.369605	-0.382319	0.749358	0.394573	
0.369500	-0.382375	0.749571	0.394213	
0.369547	-0.382376	0.749643	0.394029	
0.369516	-0.382545	0.749735	0.393719	
0.369564	-0.382544	0.749922	0.393319	
0.369656	-0.382259	0.750031	0.393300	
0.369784	-0.382302	0.749854	0.393477	
0.369880	-0.381972	0.750017	0.393396	
0.369646	-0.382211	0.749983	0.393448	
0.369372	-0.382117	0.750216	0.393353	
0.369182	-0.382231	0.750004	0.393825	
0.369235	-0.382116	0.750191	0.393530	
0.369127	-0.382162	0.750115	0.393733	
0.369024	-0.382138	0.750303	0.393492	
0.369185	-0.381977	0.750292	0.393520	
0.369274	-0.382028	0.750317	0.393340	
0.368997	-0.381935	0.750457	0.393423	
0.369405	-0.381718	0.750530	0.393110	
0.369322	-0.381786	0.750280	0.393599	
0.369173	-0.381760	0.750301	0.393724	
0.369510	-0.381716	0.750299	0.393454	
0.369678	-0.381983	0.749987	0.393631	
0.369555	-0.382111	0.750001	0.393596	
0.369368	-0.381832	0.750070	0.393912	
0.369357	-0.381541	0.750122	0.394106	
0.369543	-0.381383	0.750302	0.393742	
0.369452	-0.381486	0.750311	0.393709	
0.369300	-0.381635	0.750335	0.393662	
0.369468	-0.381500	0.750235	0.393826	
0.369676	-0.381163	0.750544	0.393368	
0.369822	-0.380845	0.750705	0.393232	
0.369738	-0.380947	0.750671	0.393276	
0.369820	-0.381239	0.750528	0.393189	
0.369932	-0.381371	0.750465	0.393076	
0.370058	-0.381461	0.750448	0.392904	
0.370061	-0.381694	0.750136	0.393270	
0.370351	-0.381782	0.750056	0.393063	
0.370347	-0.381591	0.750444	0.392512	
0.370070	-0.381715	0.750292	0.392942	
0.370313	-0.381662	0.750304	0.392742	
0.370470	-0.381775	0.750128	0.392821	
0.370266	-0.381983	0.749982	0.393089	
0.370281	-0.381657	0.750254	0.392873	
0.370262	-0.381452	0.750509	0.392601	
0.370385	-0.381523	0.750409	0.392607	
0.370564	-0.381431	0.750349	0.392643	
0.370513	-0.381477	0.750286	0.392768	
0.370551	-0.381622	0.750242	0.392675	
0.370674	-0.381742	0.750219	0.392485	
0.370707	-0.381613	0.750350	0.392331	
0.370741	-0.381897	0.750278	0.392159	
0.370789	-0.381984	0.750228	0.392125	
0.370863	-0.382046	0.750288	0.391880	
0.370874	-0.381941	0.750382	0.391792	
0.370699	-0.381788	0.750474	0.391930	
0.370918	-0.382047	0.750321	0.391763	
0.370997	-0.382022	0.750379	0.391602	
0.370849	-0.381746	0.750752	0.391294	
0.370793	-0.381617	0.751019	0.390961	
0.370852	-0.381691	0.751095	0.390687	
0.370675	-0.381563	0.751095	0.390980	
0.370421	-0.381790	0.751258	0.390685	
0.370462	-0.381809	0.751138	0.390859	
0.370543	-0.381881	0.750877	0.391214	
0.370581	-0.381902	0.750971	0.390977	
0.370630	-0.381789	0.751056	0.390878	
0.370944	-0.381655	0.750923	0.390967	
0.371093	-0.381484	0.751016	0.390813	
0.371186	-0.381420	0.750993	0.390830	
0.371179	-0.381294	0.751079	0.390795	
0.371103	-0.381050	0.751257	0.390763	
0.370873	-0.380907	0.751409	0.390830	
0.371229	-0.380692	0.751315	0.390882	
0.371287	-0.380771	0.751332	0.390716	
0.371328	-0.380555	0.751582	0.390407	
0.371088	-0.380538	0.751575	0.390667	
0.370883	-0.380775	0.751571	0.390637	
0.370872	-0.380621	0.751492	0.390949	
0.370774	-0.380423	0.751544	0.391135	
0.370753	-0.380624	0.751241	0.391542	
0.370789	-0.380644	0.751243	0.391484	
0.370706	-0.380649	0.751347	0.391358	
0.370535	-0.380786	0.751407	0.391271	
0.370448	-0.380927	0.751319	0.391384	
0.370618	-0.380844	0.751307	0.391327	
0.370136	-0.380865	0.751612	0.391179	
0.370307	-0.381088	0.751445	0.391121	
0.370112	-0.381098	0.751402	0.391377	
0.369975	-0.381080	0.751425	0.391480	
0.369940	-0.381374	0.751246	0.391571	
0.369583	-0.381295	0.751489	0.391518	
0.369488	-0.381441	0.751410	0.391618	
0.369718	-0.381231	0.751560	0.391317	
0.369494	-0.381595	0.751594	0.391109	
0.369455	-0.381687	0.751642	0.390964	
0.369288	-0.381769	0.751740	0.390852	
0.369225	-0.381759	0.751766	0.390872	
0.368976	-0.381911	0.751728	0.391033	
0.369205	-0.381845	0.751662	0.391008	
0.369241	-0.381857	0.751761	0.390770	
0.369297	-0.381832	0.751838	0.390594	
0.369534	-0.381588	0.751722	0.390831	
0.369356	-0.381258	0.751837	0.391101	
0.369426	-0.381163	0.751825	0.391151	
0.369538	-0.381006	0.751963	0.390932	
0.369095	-0.381181	0.752144	0.390831	
0.368790	-0.380997	0.752277	0.391044	
0.368612	-0.380699	0.752500	0.391071	
0.368726	-0.380823	0.752479	0.390883	
0.368878	-0.380709	0.752610	0.390599	
0.369134	-0.380690	0.752384	0.390811	
0.369144	-0.380822	0.752299	0.390837	
0.369172	-0.380840	0.752439	0.390522	
0.369359	-0.380999	0.752229	0.390596	
0.369505	-0.381247	0.751972	0.390711	
0.368955	-0.381604	0.752079	0.390676	
0.369082	-0.381395	0.752099	0.390721	
0.368990	-0.381574	0.751770	0.391267	
0.368927	-0.381146	0.751886	0.391521	
0.368936	-0.380966	0.751960	0.391544	
0.368710	-0.380705	0.752279	0.391399	
0.369113	-0.380697	0.752073	0.391422	
0.369181	-0.380527	0.752312	0.391064	
0.369149	-0.380352	0.752380	0.391134	
0.369228	-0.380066	0.752513	0.391082	
0.369378	-0.380189	0.752473	0.390897	
0.369263	-0.379882	0.752668	0.390929	
0.369295	-0.379876	0.752797	0.390655	
0.369663	-0.379871	0.752540	0.390808	
0.369718	-0.379647	0.752470	0.391108	
0.369906	-0.379589	0.752517	0.390896	
0.370147	-0.379412	0.752432	0.391004	
0.370188	-0.379322	0.752497	0.390926	
0.370120	-0.379457	0.752706	0.390458	
0.369957	-0.379374	0.752886	0.390345	
0.370560	-0.379330	0.752834	0.389917	
0.370525	-0.379408	0.752882	0.389782	
0.370256	-0.379321	0.753033	0.389830	
0.370120	-0.379295	0.753047	0.389957	
0.370045	-0.379406	0.753052	0.389910	
0.370320	-0.379435	0.753033	0.389658	
0.370355	-0.379502	0.753028	0.389570	
0.370118	-0.379590	0.752938	0.389883	
0.370284	-0.380003	0.752667	0.389847	
0.370151	-0.379933	0.752821	0.389743	
0.369870	-0.379991	0.752934	0.389735	
0.369607	-0.380211	0.752893	0.389849	
0.369715	-0.379989	0.752958	0.389837	
0.369633	-0.380141	0.752857	0.389963	
0.369721	-0.380298	0.752768	0.389897	
0.369896	-0.380328	0.752629	0.389970	
0.369905	-0.380102	0.752770	0.389912	
0.370026	-0.380057	0.752604	0.390159	
0.369991	-0.379969	0.752683	0.390127	
0.370281	-0.379843	0.752592	0.390149	
0.370572	-0.380049	0.752302	0.390231	
0.370286	-0.380143	0.752420	0.390185	
0.370501	-0.380398	0.752139	0.390273	
0.370823	-0.380123	0.752036	0.390433	
0.370756	-0.380442	0.751772	0.390695	
0.370894	-0.380346	0.751795	0.390614	
0.370910	-0.380518	0.751698	0.390616	
0.371181	-0.380436	0.751665	0.390503	
0.371013	-0.380481	0.751820	0.390320	
0.370817	-0.380728	0.751845	0.390218	
0.370878	-0.381007	0.751821	0.389934	
0.370610	-0.380690	0.752105	0.389951	
0.370607	-0.380417	0.752188	0.390059	
0.370330	-0.380405	0.752443	0.389843	
0.370328	-0.380143	0.752544	0.389905	
0.370188	-0.380366	0.752552	0.389805	
0.369827	-0.380485	0.752623	0.389895	
0.369736	-0.380421	0.752635	0.390020	
0.369510	-0.380635	0.752699	0.389902	
0.369234	-0.380629	0.753022	0.389545	
0.369158	-0.380113	0.753132	0.389909	
0.369258	-0.379953	0.753198	0.389842	
0.369290	-0.379776	0.753275	0.389835	
0.369265	-0.379882	0.753199	0.389902	
0.369447	-0.379764	0.753176	0.389889	
0.369325	-0.379900	0.753144	0.389935	
0.369428	-0.380027	0.753060	0.389877	
0.369578	-0.380116	0.752946	0.389869	
0.369146	-0.380184	0.752979	0.390147	
0.368726	-0.380282	0.753182	0.390056	
0.368386	-0.380274	0.753376	0.390010	
0.368162	-0.380218	0.753225	0.390568	
0.368101	-0.380213	0.753359	0.390371	
0.367706	-0.380158	0.753527	0.390473	
0.367931	-0.380064	0.753347	0.390699	
0.367649	-0.380191	0.753500	0.390545	
0.367536	-0.380354	0.753553	0.390392	
0.367386	-0.380330	0.753650	0.390369	
0.367579	-0.380387	0.753620	0.390190	
0.367714	-0.380475	0.753535	0.390141	
0.367270	-0.380309	0.753790	0.390228	
0.367039	-0.380490	0.753862	0.390131	
0.366772	-0.380652	0.753932	0.390088	
0.367042	-0.380397	0.753796	0.390346	
0.366830	-0.380571	0.753850	0.390272	
0.366489	-0.380576	0.753871	0.390546	
0.366754	-0.380631	0.753763	0.390452	
0.366824	-0.380733	0.753792	0.390231	
0.366986	-0.381103	0.753660	0.389972	
0.366949	-0.381245	0.753569	0.390044	
0.366834	-0.381281	0.753382	0.390478	
0.367164	-0.381118	0.753501	0.390096	
0.366901	-0.381117	0.753495	0.390357	
0.367045	-0.380653	0.753652	0.390371	
0.367107	-0.380628	0.753647	0.390346	
0.367111	-0.380295	0.753702	0.390562	
0.366927	-0.380137	0.753809	0.390681	
0.367140	-0.379926	0.753938	0.390437	
0.366988	-0.379995	0.753921	0.390546	
0.366641	-0.379789	0.754002	0.390916	
0.366864	-0.379708	0.753937	0.390912	
0.367403	-0.379172	0.753788	0.391213	
0.367526	-0.379147	0.753664	0.391360	
0.367685	-0.378914	0.753776	0.391220	
0.367654	-0.379006	0.753741	0.391229	
0.367572	-0.378926	0.753922	0.391034	
0.367668	-0.378906	0.753959	0.390891	
0.367677	-0.378622	0.754127	0.390835	
0.367526	-0.378717	0.754030	0.391072	
0.367440	-0.378726	0.754147	0.390917	
0.367417	-0.379034	0.753997	0.390931	
0.367327	-0.379144	0.754004	0.390896	
0.367458	-0.378897	0.753816	0.391373	
0.367382	-0.379008	0.753984	0.391014	
0.367261	-0.379295	0.753671	0.391453	
0.367050	-0.379432	0.753456	0.391931	
0.367155	-0.379461	0.753495	0.391730	
0.367075	-0.379221	0.753542	0.391946	
0.366974	-0.379047	0.753739	0.391831	
0.366606	-0.379492	0.753748	0.391726	
0.366330	-0.379306	0.754053	0.391578	
0.366499	-0.379592	0.754019	0.391209	
0.366726	-0.379740	0.754054	0.390785	
0.366243	-0.379940	0.754243	0.390677	
0.366240	-0.379922	0.754294	0.390599	
0.366321	-0.379666	0.754519	0.390337	
0.366010	-0.379861	0.754590	0.390302	
0.366266	-0.379756	0.754487	0.390364	
0.365693	-0.379712	0.754765	0.390407	
0.365595	-0.379936	0.754677	0.390452	
0.365992	-0.379897	0.754602	0.390260	
0.366059	-0.380080	0.754591	0.390042	
0.365781	-0.379654	0.754873	0.390171	
0.366143	-0.379614	0.754785	0.390041	
0.365933	-0.379782	0.754840	0.389967	
0.365779	-0.379590	0.754877	0.390227	
0.365681	-0.379590	0.754909	0.390259	
0.365834	-0.379358	0.755061	0.390046	
0.365940	-0.379077	0.755204	0.389942	
0.365842	-0.379288	0.755030	0.390166	
0.365423	-0.379427	0.755290	0.389921	
0.365473	-0.379154	0.755439	0.389850	
0.365666	-0.379038	0.755541	0.389584	
0.365874	-0.378574	0.755587	0.389752	
0.366107	-0.378235	0.755671	0.389698	
0.366290	-0.378261	0.755571	0.389695	
0.366078	-0.378453	0.755592	0.389668	
0.365982	-0.378598	0.755639	0.389526	
0.366242	-0.378209	0.755768	0.389410	
0.366133	-0.378382	0.755822	0.389238	
0.366009	-0.378465	0.755937	0.389052	
0.366127	-0.378565	0.755878	0.388958	
0.365815	-0.379075	0.755941	0.388631	
0.365756	-0.378661	0.755951	0.389071	
0.365626	-0.378769	0.755886	0.389214	
0.365670	-0.378515	0.755941	0.389314	
0.365333	-0.378536	0.756027	0.389443	
0.365204	-0.378507	0.756002	0.389640	
0.365101	-0.378396	0.756054	0.389744	
0.365088	-0.378401	0.756021	0.389814	
0.365133	-0.378363	0.755965	0.389918	
0.365033	-0.378462	0.756216	0.389428	
0.365067	-0.378406	0.756082	0.389711	
0.365227	-0.378189	0.756073	0.389790	
0.365481	-0.378221	0.755915	0.389827	
0.365398	-0.378445	0.755946	0.389626	
0.365481	-0.378430	0.755931	0.389593	
0.365787	-0.378159	0.756099	0.389242	
0.365546	-0.377822	0.756416	0.389181	
0.365842	-0.377664	0.756470	0.388950	
0.366003	-0.377745	0.756468	0.388725	
0.366202	-0.377794	0.756253	0.388907	
0.366688	-0.377402	0.756413	0.388519	
0.366795	-0.377449	0.756341	0.388513	
0.366492	-0.377604	0.756446	0.388443	
0.366401	-0.378198	0.756381	0.388079	
0.366179	-0.377863	0.756579	0.388228	
0.366543	-0.377748	0.756539	0.388074	
0.366361	-0.377709	0.756655	0.388058	
0.366599	-0.377796	0.756488	0.388075	
0.366828	-0.377688	0.756624	0.387698	
0.366914	-0.377476	0.756469	0.388124	
0.367088	-0.377245	0.756510	0.388105	
0.367100	-0.377345	0.756664	0.387696	
0.366933	-0.377459	0.756627	0.387816	
0.367042	-0.377411	0.756704	0.387609	
0.366643	-0.377530	0.756873	0.387541	
0.366753	-0.377324	0.756870	0.387643	
0.366393	-0.377382	0.756972	0.387727	
0.366296	-0.377277	0.757126	0.387620	
0.366510	-0.377411	0.757151	0.387238	
0.366455	-0.377205	0.757294	0.387211	
0.366521	-0.377501	0.757118	0.387205	
0.366567	-0.377190	0.757160	0.387383	
0.366632	-0.377202	0.757169	0.387292	
0.366361	-0.376771	0.757316	0.387681	
0.366420	-0.377010	0.757208	0.387603	
0.366310	-0.377182	0.757220	0.387514	
0.366222	-0.377009	0.757236	0.387736	
0.366149	-0.376865	0.757399	0.387627	
0.365920	-0.376930	0.757440	0.387699	
0.365939	-0.376981	0.757253	0.387998	
0.365759	-0.377215	0.757198	0.388047	
0.366116	-0.376771	0.757353	0.387838	
0.366437	-0.376665	0.757421	0.387507	
0.366285	-0.376603	0.757593	0.387374	
0.366103	-0.376908	0.757615	0.387206	
0.366523	-0.376688	0.757676	0.386903	
0.366474	-0.376684	0.757655	0.386993	
0.366322	-0.376721	0.757773	0.386873	
0.366403	-0.377001	0.757638	0.386786	
0.366263	-0.376746	0.757968	0.386522	
0.366469	-0.376846	0.757736	0.386682	
0.366444	-0.376817	0.757818	0.386575	
0.366068	-0.376561	0.758218	0.386394	
0.366103	-0.376667	0.758071	0.386546	
0.366400	-0.376740	0.758066	0.386204	
0.366263	-0.376800	0.758118	0.386173	
0.365960	-0.376740	0.758461	0.385845	
0.365866	-0.376170	0.758838	0.385749	
0.365950	-0.375925	0.758733	0.386115	
0.365803	-0.376001	0.758779	0.386091	
0.365582	-0.376237	0.758808	0.386013	
0.365730	-0.376291	0.758838	0.385762	
0.365841	-0.376155	0.758927	0.385614	
0.365991	-0.375823	0.758950	0.385749	
0.366037	-0.375619	0.759095	0.385619	
0.365977	-0.375870	0.759284	0.385060	
0.365981	-0.376105	0.759110	0.385170	
0.366059	-0.376013	0.759110	0.385184	
0.365592	-0.376397	0.759125	0.385223	
0.365498	-0.376378	0.759127	0.385327	
0.365856	-0.376467	0.759051	0.385050	
0.365818	-0.376269	0.759175	0.385036	
0.365737	-0.376044	0.759321	0.385043	
0.365760	-0.376260	0.759269	0.384915	
0.365650	-0.376457	0.759308	0.384749	
0.366104	-0.376537	0.759130	0.384591	
0.365927	-0.376534	0.759039	0.384940	
0.365829	-0.376720	0.758805	0.385314	
0.365774	-0.376611	0.759036	0.385018	
0.365898	-0.376371	0.758959	0.385284	
0.366030	-0.376024	0.758893	0.385629	
0.366188	-0.376022	0.758827	0.385611	
0.366174	-0.375997	0.758761	0.385779	
0.366239	-0.376108	0.758517	0.386087	
0.366229	-0.376206	0.758542	0.385952	
0.366120	-0.376404	0.758497	0.385951	
0.366064	-0.376480	0.758368	0.386183	
0.366327	-0.376510	0.758358	0.385925	
0.366137	-0.376505	0.758510	0.385811	
0.366111	-0.376368	0.758668	0.385659	
0.365930	-0.376552	0.758524	0.385934	
0.365427	-0.376523	0.758652	0.386188	
0.365468	-0.376557	0.758525	0.386365	
0.365137	-0.376570	0.758677	0.386367	
0.365082	-0.376219	0.758946	0.386231	
0.365074	-0.376305	0.759008	0.386034	
0.364771	-0.376540	0.759105	0.385902	
0.364855	-0.376440	0.759146	0.385839	
0.365004	-0.376425	0.759098	0.385806	
0.365082	-0.376612	0.759091	0.385565	
0.365304	-0.376542	0.759077	0.385449	
0.364959	-0.376566	0.759108	0.385690	
0.364967	-0.376324	0.759466	0.385216	
0.365055	-0.376498	0.759359	0.385172	
0.364940	-0.376174	0.759497	0.385326	
0.364967	-0.376373	0.759417	0.385263	
0.364945	-0.376584	0.759523	0.384870	
0.364964	-0.376741	0.759535	0.384675	
0.364958	-0.376543	0.759636	0.384674	
0.364840	-0.376490	0.759780	0.384554	
0.364718	-0.376421	0.759822	0.384653	
0.364514	-0.376082	0.760011	0.384805	
0.364608	-0.375835	0.760061	0.384859	
0.364691	-0.375891	0.760021	0.384805	
0.364996	-0.376005	0.760086	0.384276	
0.364966	-0.375641	0.760362	0.384113	
0.364966	-0.375309	0.760633	0.383903	
0.365149	-0.375155	0.760615	0.383913	
0.365406	-0.374911	0.760514	0.384108	
0.365583	-0.375184	0.760482	0.383734	
0.365892	-0.375438	0.760271	0.383609	
0.365650	-0.375270	0.760453	0.383647	
0.365949	-0.375161	0.760256	0.383857	
0.365857	-0.375780	0.760038	0.383771	
0.366086	-0.375743	0.760003	0.383659	
0.366252	-0.375917	0.759841	0.383650	
0.366578	-0.376108	0.759615	0.383599	
0.366326	-0.376019	0.759825	0.383511	
0.366499	-0.376174	0.759579	0.383682	
0.366855	-0.376342	0.759403	0.383525	
0.367006	-0.376422	0.759523	0.383064	
0.367058	-0.376055	0.759612	0.383199	
0.367193	-0.376091	0.759521	0.383213	
0.367365	-0.376106	0.759403	0.383268	
0.367696	-0.376177	0.759214	0.383256	
0.367640	-0.376165	0.759267	0.383215	
0.367655	-0.375946	0.759332	0.383287	
0.367480	-0.375898	0.759496	0.383177	
0.367625	-0.375909	0.759367	0.383284	
0.367524	-0.375890	0.759423	0.383288	
0.367404	-0.375531	0.759631	0.383343	
0.367205	-0.375485	0.759697	0.383448	
0.366952	-0.375458	0.759779	0.383554	
0.366751	-0.375299	0.760039	0.383385	
0.366606	-0.375280	0.760179	0.383268	
0.366557	-0.375334	0.760254	0.383111	
0.366599	-0.375320	0.760160	0.383272	
0.366672	-0.375413	0.760096	0.383238	
0.366663	-0.375585	0.760157	0.382957	
0.366773	-0.375506	0.760021	0.383197	
0.366727	-0.375364	0.760025	0.383374	
0.366704	-0.375131	0.760042	0.383591	
0.366667	-0.375299	0.759983	0.383578	
0.366593	-0.375206	0.760062	0.383583	
0.366556	-0.375374	0.760060	0.383458	
0.366851	-0.375197	0.760054	0.383361	
0.367077	-0.375189	0.759940	0.383379	
0.367042	-0.374948	0.760090	0.383350	
0.367096	-0.374540	0.760094	0.383689	
0.366830	-0.374242	0.760215	0.383994	
0.367114	-0.373683	0.760353	0.383995	
0.366831	-0.373924	0.760456	0.383827	
0.366448	-0.373955	0.760780	0.383520	
0.366572	-0.373864	0.760893	0.383266	
0.366607	-0.373932	0.760862	0.383228	
0.366947	-0.373858	0.760726	0.383244	
0.366946	-0.374051	0.760775	0.382960	
0.366781	-0.374123	0.760897	0.382804	
0.366385	-0.374250	0.760939	0.382977	
0.366101	-0.374089	0.761057	0.383170	
0.366426	-0.374655	0.760812	0.382794	
0.366643	-0.374448	0.760718	0.382974	
0.366560	-0.374406	0.760785	0.382963	
0.366537	-0.374479	0.760754	0.382975	
0.366458	-0.374035	0.760895	0.383204	
0.366668	-0.374142	0.760857	0.382974	
0.366639	-0.373960	0.761010	0.382875	
0.366537	-0.373806	0.761163	0.382820	
0.366298	-0.373647	0.761285	0.382960	
0.366960	-0.373533	0.761236	0.382537	
0.366928	-0.373121	0.761315	0.382811	
0.366782	-0.373166	0.761448	0.382643	
0.367019	-0.373063	0.761577	0.382259	
0.366878	-0.373404	0.761603	0.382008	
0.366654	-0.373538	0.761626	0.382048	
0.366616	-0.373592	0.761614	0.382055	
0.366386	-0.373734	0.761732	0.381902	
0.366310	-0.373765	0.761822	0.381764	
0.366336	-0.373868	0.761733	0.381817	
0.366338	-0.373653	0.761971	0.381550	
0.366563	-0.373381	0.761683	0.382174	
0.366729	-0.373101	0.761718	0.382219	
0.366469	-0.373229	0.761757	0.382266	
0.366378	-0.373386	0.761795	0.382124	
0.366339	-0.373589	0.761908	0.381735	
0.366306	-0.373560	0.761906	0.381801	
0.366267	-0.373281	0.761922	0.382078	
0.366321	-0.373134	0.762024	0.381968	
0.366011	-0.373018	0.762233	0.381963	
0.366039	-0.373309	0.762118	0.381880	
0.366164	-0.372861	0.762300	0.381834	
0.366304	-0.372736	0.762323	0.381777	
0.366174	-0.372785	0.762515	0.381469	
0.366166	-0.372864	0.762433	0.381564	
0.365927	-0.372765	0.762402	0.381951	
0.365902	-0.372711	0.762274	0.382283	
0.365949	-0.372689	0.762462	0.381884	
0.365390	-0.372684	0.762719	0.381912	
0.365619	-0.372960	0.762618	0.381624	
0.365962	-0.372894	0.762570	0.381457	
0.365741	-0.372904	0.762673	0.381453	
0.365725	-0.372724	0.762724	0.381541	
0.365783	-0.373108	0.762809	0.380941	
0.365695	-0.373119	0.762831	0.380970	
0.366138	-0.372952	0.762846	0.380679	
0.365942	-0.373299	0.762758	0.380703	
0.365583	-0.372898	0.762977	0.381002	
0.365861	-0.372766	0.762944	0.380929	
0.366015	-0.372982	0.762937	0.380585	
0.365760	-0.372683	0.763314	0.380366	
0.365853	-0.372882	0.763405	0.379899	
0.365932	-0.372986	0.763402	0.379726	
0.366126	-0.372504	0.763493	0.379831	
0.366239	-0.372583	0.763455	0.379720	
0.366311	-0.372393	0.763654	0.379436	
0.365936	-0.372615	0.763723	0.379441	
0.366029	-0.372852	0.763520	0.379528	
0.365953	-0.372881	0.763701	0.379209	
0.365760	-0.373087	0.763620	0.379354	
0.365362	-0.373106	0.763893	0.379169	
0.365480	-0.372665	0.764060	0.379154	
0.365657	-0.372636	0.763937	0.379258	
0.365456	-0.372986	0.764021	0.378939	
0.365350	-0.373276	0.763974	0.378851	
0.365547	-0.373326	0.763695	0.379176	
0.365602	-0.373814	0.763421	0.379191	
0.365516	-0.373894	0.763348	0.379344	
0.365720	-0.373862	0.763213	0.379449	
0.365301	-0.374326	0.762905	0.380015	
0.365315	-0.374525	0.762899	0.379817	
0.365364	-0.374779	0.762851	0.379617	
0.365613	-0.374545	0.762703	0.379904	
0.365650	-0.374115	0.762985	0.379726	
0.365466	-0.374337	0.763029	0.379595	
0.365653	-0.374232	0.762784	0.380012	
0.365588	-0.374350	0.762861	0.379804	
0.365725	-0.374173	0.762850	0.379869	
0.366050	-0.374176	0.762694	0.379866	
0.365813	-0.374125	0.762606	0.380321	
0.365294	-0.374150	0.762711	0.380583	
0.365722	-0.373939	0.762471	0.380860	
0.365599	-0.373864	0.762630	0.380733	
0.365586	-0.373839	0.762743	0.380545	
0.365941	-0.373772	0.762784	0.380188	
0.366301	-0.373923	0.762590	0.380081	
0.366135	-0.373776	0.762947	0.379670	
0.366033	-0.373526	0.763133	0.379639	
0.365547	-0.373644	0.763243	0.379770	
0.365319	-0.373817	0.763377	0.379550	
0.365447	-0.373350	0.763578	0.379482	
0.365549	-0.373063	0.763636	0.379549	
0.365774	-0.373122	0.763576	0.379396	
0.365906	-0.373394	0.763303	0.379550	
0.365897	-0.373455	0.763409	0.379285	
0.365591	-0.373453	0.763474	0.379452	
0.365556	-0.373636	0.763425	0.379404	
0.365406	-0.373533	0.763631	0.379235	
0.365294	-0.373513	0.763687	0.379250	
0.365216	-0.373676	0.763652	0.379234	
0.365182	-0.373912	0.763563	0.379214	
0.365348	-0.373814	0.763538	0.379201	
0.365460	-0.373541	0.763580	0.379278	
0.365206	-0.373399	0.763778	0.379264	
0.365233	-0.373325	0.763705	0.379458	
0.365103	-0.373341	0.763791	0.379393	
0.365127	-0.373331	0.763781	0.379400	
0.365126	-0.372971	0.763991	0.379332	
0.365083	-0.372560	0.764331	0.379092	
0.364749	-0.372616	0.764463	0.379093	
0.364643	-0.372488	0.764541	0.379164	
0.364289	-0.372333	0.764650	0.379437	
0.364606	-0.372608	0.764321	0.379524	
0.364921	-0.372656	0.764095	0.379629	
0.364733	-0.372584	0.764243	0.379584	
0.364488	-0.372538	0.764469	0.379409	
0.364391	-0.372341	0.764620	0.379392	
0.364490	-0.372194	0.764848	0.378979	
0.364227	-0.372322	0.764825	0.379153	
0.364503	-0.372468	0.764833	0.378729	
0.364512	-0.372183	0.764897	0.378872	
0.364549	-0.372121	0.764943	0.378804	
0.364511	-0.372071	0.764866	0.379045	
0.364664	-0.372176	0.764788	0.378953	
0.364628	-0.372171	0.765042	0.378478	
0.364843	-0.372016	0.764902	0.378706	
0.364943	-0.372097	0.764976	0.378380	
0.365009	-0.372120	0.764865	0.378519	
0.364802	-0.372204	0.764720	0.378928	
0.364605	-0.372673	0.764654	0.378790	
0.364672	-0.372681	0.764452	0.379125	
0.364283	-0.372661	0.764706	0.379007	
0.364359	-0.372558	0.764697	0.379054	
0.364392	-0.372749	0.764570	0.379090	
0.364188	-0.372588	0.764821	0.378939	
0.364331	-0.372663	0.764726	0.378919	
0.364356	-0.372686	0.764705	0.378915	
0.364314	-0.372581	0.765039	0.378383	
0.364274	-0.372681	0.765219	0.377960	
0.364580	-0.372461	0.765137	0.378047	
0.365015	-0.372521	0.764864	0.378121	
0.364831	-0.372712	0.764893	0.378052	
0.364678	-0.372932	0.764924	0.377919	
0.364338	-0.372792	0.765190	0.377846	
0.364290	-0.372726	0.765228	0.377881	
0.364078	-0.372701	0.765426	0.377709	
0.364271	-0.372732	0.765308	0.377732	
0.364493	-0.372635	0.765285	0.377660	
0.364510	-0.372636	0.765337	0.377537	
0.364229	-0.372384	0.765494	0.377740	
0.364166	-0.372434	0.765484	0.377771	
0.363934	-0.372634	0.765470	0.377825	
0.364031	-0.372360	0.765534	0.377872	
0.364176	-0.372871	0.765382	0.377536	
0.364148	-0.372909	0.765435	0.377419	
0.364336	-0.373122	0.765440	0.377015	
0.364149	-0.372954	0.765628	0.376981	
0.364454	-0.372558	0.765742	0.376846	
0.364655	-0.372201	0.765909	0.376665	
0.364612	-0.371867	0.766175	0.376495	
0.364900	-0.371879	0.765958	0.376647	
0.364899	-0.371495	0.766134	0.376669	
0.364832	-0.371506	0.766248	0.376490	
0.364930	-0.371503	0.766345	0.376200	
0.364967	-0.371719	0.766198	0.376250	
0.365198	-0.371750	0.766241	0.375907	
0.365301	-0.371803	0.766213	0.375812	
0.365482	-0.371919	0.766141	0.375669	
0.365337	-0.372109	0.766094	0.375718	
0.365281	-0.371817	0.766288	0.375665	
0.365421	-0.371411	0.766465	0.375570	
0.365414	-0.371458	0.766570	0.375316	
0.365309	-0.371178	0.766765	0.375298	
0.365411	-0.371555	0.766687	0.374983	
0.365237	-0.371661	0.766670	0.375082	
0.365182	-0.371155	0.766874	0.375220	
0.365049	-0.370795	0.767172	0.375096	
0.365175	-0.370363	0.767346	0.375046	
0.365090	-0.370380	0.767296	0.375214	
0.365485	-0.370242	0.767029	0.375510	
0.365572	-0.370219	0.767035	0.375437	
0.365563	-0.370067	0.767068	0.375528	
0.365481	-0.369800	0.767115	0.375774	
0.365519	-0.369780	0.767259	0.375464	
0.365662	-0.370033	0.767040	0.375521	
0.365653	-0.369739	0.767280	0.375330	
0.365877	-0.369707	0.767216	0.375274	
0.365956	-0.369591	0.767160	0.375426	
0.365681	-0.369628	0.767344	0.375280	
0.365966	-0.369607	0.767139	0.375443	
0.365986	-0.369627	0.767022	0.375643	
0.366277	-0.369360	0.766893	0.375886	
0.366348	-0.369577	0.766932	0.375523	
0.366509	-0.369783	0.766809	0.375415	
0.366427	-0.369584	0.766913	0.375478	
0.366386	-0.369286	0.766925	0.375787	
0.366373	-0.369487	0.766805	0.375846	
0.366566	-0.369216	0.766922	0.375685	
0.366562	-0.369193	0.766989	0.375575	
0.366786	-0.369068	0.766915	0.375631	
0.366708	-0.369187	0.766993	0.375430	
0.366572	-0.369188	0.766892	0.375767	
0.366504	-0.369378	0.766741	0.375956	
0.366359	-0.369328	0.766829	0.375967	
0.366427	-0.369396	0.766879	0.375732	
0.366203	-0.369369	0.766981	0.375768	
0.366243	-0.369775	0.766811	0.375676	
0.366016	-0.369596	0.767149	0.375384	
0.366102	-0.368981	0.767346	0.375504	
0.366187	-0.368682	0.767488	0.375424	
0.366044	-0.368560	0.767695	0.375259	
0.366028	-0.368334	0.767840	0.375201	
0.366202	-0.368081	0.767878	0.375201	
0.366090	-0.368139	0.767917	0.375174	
0.366038	-0.368358	0.767872	0.375101	
0.366123	-0.368179	0.767949	0.375037	
0.365857	-0.368347	0.767914	0.375202	
0.366161	-0.368330	0.767779	0.375199	
0.366245	-0.368157	0.767637	0.375577	
0.366234	-0.368710	0.767480	0.375367	
0.366201	-0.368525	0.767682	0.375167	
0.366324	-0.368546	0.767710	0.374969	
0.366386	-0.368329	0.767589	0.375369	
0.366395	-0.368091	0.767479	0.375819	
0.366441	-0.367845	0.767558	0.375853	
0.366480	-0.367776	0.767565	0.375868	
0.366026	-0.367838	0.767828	0.375712	
0.365959	-0.367766	0.767953	0.375593	
0.366087	-0.367763	0.767932	0.375514	
0.366236	-0.367604	0.767870	0.375652	
0.366264	-0.367567	0.767957	0.375483	
0.366277	-0.367335	0.768110	0.375384	
0.366306	-0.367169	0.768219	0.375294	
0.366123	-0.367287	0.768381	0.375027	
0.366375	-0.367031	0.768487	0.374814	
0.366066	-0.367076	0.768660	0.374716	
0.365959	-0.366723	0.768959	0.374554	
0.365789	-0.366883	0.769064	0.374348	
0.365617	-0.367147	0.768926	0.374541	
0.365512	-0.367424	0.768929	0.374365	
0.365382	-0.367559	0.769103	0.374001	
0.364923	-0.367707	0.769406	0.373680	
0.364933	-0.367844	0.769465	0.373413	
0.364761	-0.367879	0.769525	0.373424	
0.364942	-0.367410	0.769657	0.373438	
0.365017	-0.367403	0.769672	0.373339	
0.365135	-0.367342	0.769758	0.373108	
0.364848	-0.367405	0.769900	0.373033	
0.364858	-0.367071	0.770084	0.372970	
0.364271	-0.367365	0.770271	0.372870	
0.364290	-0.367695	0.770148	0.372781	
0.364103	-0.367692	0.770094	0.373076	
0.364062	-0.367576	0.770200	0.373012	
0.364293	-0.367532	0.770194	0.372844	
0.364073	-0.367682	0.770210	0.372878	
0.364031	-0.367811	0.770184	0.372844	
0.363653	-0.367891	0.770287	0.372922	
0.363439	-0.367931	0.770382	0.372895	
0.363274	-0.367910	0.770531	0.372769	
0.363337	-0.367979	0.770413	0.372883	
0.363388	-0.368094	0.770392	0.372764	
0.363531	-0.367927	0.770226	0.373133	
0.363596	-0.368158	0.770043	0.373217	
0.363496	-0.368138	0.770184	0.373045	
0.363368	-0.368122	0.770178	0.373195	
0.363708	-0.367812	0.770214	0.373096	
0.363548	-0.368153	0.769989	0.373381	
0.363417	-0.367976	0.770183	0.373283	
0.363120	-0.368060	0.770301	0.373246	
0.362799	-0.368281	0.770233	0.373481	
0.362706	-0.368451	0.770294	0.373276	
0.362740	-0.368275	0.770503	0.372985	
0.363328	-0.368076	0.770202	0.373231	
0.363083	-0.367909	0.770266	0.373503	
0.363122	-0.367925	0.770279	0.373422	
0.363263	-0.367731	0.770369	0.373290	
0.363385	-0.367662	0.770334	0.373312	
0.363587	-0.367708	0.770269	0.373204	
0.363723	-0.367689	0.770160	0.373315	
0.363562	-0.367702	0.770323	0.373122	
0.363443	-0.367666	0.770242	0.373440	
0.363753	-0.367428	0.770282	0.373292	
0.363814	-0.367338	0.770433	0.373009	
0.363756	-0.367471	0.770568	0.372655	
0.363423	-0.367243	0.770957	0.372399	
0.363264	-0.367078	0.771167	0.372283	
0.362927	-0.367207	0.771245	0.372322	
0.362883	-0.367487	0.771207	0.372168	
0.363145	-0.367493	0.771166	0.371992	
0.362992	-0.367678	0.771210	0.371866	
0.362865	-0.367061	0.771530	0.371937	
0.362748	-0.367346	0.771405	0.372029	
0.362934	-0.367285	0.771354	0.372013	
0.363036	-0.367303	0.771314	0.371979	
0.363320	-0.367166	0.771321	0.371821	
0.363508	-0.367152	0.771222	0.371859	
0.363259	-0.367059	0.771515	0.371585	
0.363258	-0.367005	0.771481	0.371709	
0.363363	-0.366951	0.771549	0.371520	
0.363432	-0.367164	0.771551	0.371237	
0.363483	-0.367344	0.771478	0.371160	
0.363330	-0.367356	0.771512	0.371228	
0.363134	-0.367353	0.771525	0.371396	
0.363177	-0.366982	0.771666	0.371427	
0.363076	-0.366948	0.771726	0.371434	
0.362947	-0.366311	0.772045	0.371527	
0.363061	-0.366421	0.771955	0.371493	
0.363140	-0.366325	0.772045	0.371324	
0.363163	-0.366430	0.772050	0.371188	
0.363051	-0.366506	0.772121	0.371074	
0.363084	-0.366601	0.772175	0.370837	
0.363085	-0.366560	0.772296	0.370623	
0.363087	-0.366597	0.772325	0.370526	
0.362886	-0.366390	0.772494	0.370575	
0.363109	-0.366315	0.772493	0.370432	
0.363017	-0.366420	0.772421	0.370568	
0.363002	-0.366283	0.772555	0.370440	
0.362888	-0.366367	0.772429	0.370730	
0.363295	-0.366192	0.772354	0.370662	
0.362989	-0.366074	0.772490	0.370794	
0.362816	-0.366078	0.772554	0.370825	
0.362675	-0.366218	0.772610	0.370709	
0.362561	-0.366324	0.772706	0.370514	
0.362848	-0.366303	0.772630	0.370414	
0.362668	-0.365983	0.772887	0.370371	
0.362475	-0.365720	0.773108	0.370356	
0.362065	-0.365807	0.773173	0.370538	
0.361477	-0.365769	0.773431	0.370611	
0.361523	-0.365759	0.773439	0.370559	
0.361237	-0.365996	0.773516	0.370442	
0.361547	-0.365987	0.773573	0.370031	
0.361817	-0.365719	0.773462	0.370264	
0.362322	-0.365432	0.773592	0.369782	
0.362185	-0.365163	0.773765	0.369818	
0.361886	-0.364794	0.774091	0.369793	
0.361874	-0.365149	0.774048	0.369544	
0.361736	-0.364968	0.774154	0.369638	
0.361606	-0.365485	0.774083	0.369402	
0.361052	-0.365681	0.774331	0.369230	
0.360895	-0.366006	0.774410	0.368895	
0.360924	-0.365876	0.774590	0.368618	
0.360983	-0.366147	0.774530	0.368418	
0.361441	-0.366230	0.774362	0.368237	
0.361387	-0.366298	0.774398	0.368146	
0.361285	-0.366290	0.774311	0.368438	
0.361757	-0.366116	0.774366	0.368033	
0.361688	-0.366142	0.774267	0.368283	
0.361477	-0.366236	0.774338	0.368247	
0.361476	-0.365934	0.774638	0.367917	
0.361345	-0.366058	0.774733	0.367722	
0.361207	-0.366001	0.774835	0.367700	
0.361622	-0.365891	0.774837	0.367398	
0.361891	-0.365677	0.774921	0.367170	
0.361961	-0.365484	0.774873	0.367393	
0.362155	-0.365310	0.774946	0.367220	
0.361757	-0.365214	0.775160	0.367257	
0.361855	-0.365039	0.775319	0.366998	
0.362028	-0.364964	0.775087	0.367393	
0.361666	-0.365135	0.775164	0.367416	
0.361654	-0.364851	0.775258	0.367513	
0.361592	-0.364675	0.775236	0.367793	
0.361416	-0.364873	0.775207	0.367832	
0.361414	-0.364538	0.775495	0.367560	
0.361408	-0.364780	0.775546	0.367218	
0.361234	-0.364840	0.775712	0.366978	
0.361034	-0.365244	0.775566	0.367082	
