0.000000e+00	0.000000e+00	0.000000e+00	1.000000e+00	
3.141057e-01	-3.746962e-01	7.023895e-01	5.172904e-01	
3.239671e-01	-3.827293e-01	7.160682e-01	4.856026e-01	
3.313876e-01	-3.851073e-01	7.258887e-01	4.636381e-01	
3.339656e-01	-3.857336e-01	7.290863e-01	4.561905e-01	
3.355320e-01	-3.880880e-01	7.306633e-01	4.504854e-01	
3.384661e-01	-3.864730e-01	7.315338e-01	4.482607e-01	
3.374814e-01	-3.869872e-01	7.297055e-01	4.515274e-01	
3.401886e-01	-3.864416e-01	7.331498e-01	4.443264e-01	
3.423484e-01	-3.867771e-01	7.346814e-01	4.398229e-01	
3.430169e-01	-3.873479e-01	7.344981e-01	4.391055e-01	
3.453583e-01	-3.869688e-01	7.356979e-01	4.355816e-01	
3.456234e-01	-3.869357e-01	7.360548e-01	4.347972e-01	
3.463378e-01	-3.876426e-01	7.374274e-01	4.312588e-01	
3.482055e-01	-3.869661e-01	7.373614e-01	4.304746e-01	
3.485583e-01	-3.874825e-01	7.372914e-01	4.298439e-01	
3.504918e-01	-3.865500e-01	7.384506e-01	4.271127e-01	
3.511957e-01	-3.863271e-01	7.383983e-01	4.268265e-01	
3.517692e-01	-3.858100e-01	7.390490e-01	4.256943e-01	
3.541884e-01	-3.846423e-01	7.406872e-01	4.218806e-01	
3.545067e-01	-3.841500e-01	7.411590e-01	4.212329e-01	
3.561277e-01	-3.836910e-01	7.424496e-01	4.179986e-01	
3.560360e-01	-3.834985e-01	7.422312e-01	4.186408e-01	
3.558921e-01	-3.828790e-01	7.431579e-01	4.176851e-01	
3.564287e-01	-3.828165e-01	7.433590e-01	4.169263e-01	
3.568291e-01	-3.828943e-01	7.439744e-01	4.154119e-01	
3.578396e-01	-3.826678e-01	7.440801e-01	4.145612e-01	
3.587248e-01	-3.824419e-01	7.452128e-01	4.119618e-01	
3.594586e-01	-3.822177e-01	7.451760e-01	4.115967e-01	
3.607325e-01	-3.817585e-01	7.460429e-01	4.093318e-01	
3.609122e-01	-3.821902e-01	7.461434e-01	4.085866e-01	
3.606298e-01	-3.821442e-01	7.458089e-01	4.094888e-01	
3.614180e-01	-3.818299e-01	7.459861e-01	4.087636e-01	
3.613697e-01	-3.818999e-01	7.454582e-01	4.097029e-01	
3.616296e-01	-3.816635e-01	7.455584e-01	4.095115e-01	
3.612838e-01	-3.814243e-01	7.457011e-01	4.097796e-01	
3.609655e-01	-3.821683e-01	7.455949e-01	4.095602e-01	
3.602999e-01	-3.826850e-01	7.457133e-01	4.094482e-01	
3.607835e-01	-3.823652e-01	7.465095e-01	4.078673e-01	
3.598345e-01	-3.827255e-01	7.464150e-01	4.085400e-01	
3.598846e-01	-3.824322e-01	7.460530e-01	4.094309e-01	
3.599905e-01	-3.826557e-01	7.462548e-01	4.087606e-01	
3.601696e-01	-3.823602e-01	7.465620e-01	4.083182e-01	
3.608494e-01	-3.823524e-01	7.471983e-01	4.065576e-01	
3.616649e-01	-3.821072e-01	7.472754e-01	4.059212e-01	
3.611409e-01	-3.827761e-01	7.470534e-01	4.061661e-01	
3.613649e-01	-3.827070e-01	7.471280e-01	4.058946e-01	
3.619747e-01	-3.827764e-01	7.473001e-01	4.049681e-01	
3.626670e-01	-3.825799e-01	7.474469e-01	4.042628e-01	
3.624132e-01	-3.830439e-01	7.476319e-01	4.037086e-01	
3.629154e-01	-3.833913e-01	7.471876e-01	4.037502e-01	
3.637570e-01	-3.829370e-01	7.478483e-01	4.021977e-01	
3.644627e-01	-3.823126e-01	7.481314e-01	4.016259e-01	
3.652968e-01	-3.822311e-01	7.482617e-01	4.007020e-01	
3.652340e-01	-3.822159e-01	7.484521e-01	4.004180e-01	
3.654412e-01	-3.822833e-01	7.486718e-01	3.997534e-01	
3.658160e-01	-3.819797e-01	7.491987e-01	3.987122e-01	
3.662155e-01	-3.817864e-01	7.493956e-01	3.981603e-01	
3.662970e-01	-3.815415e-01	7.494235e-01	3.982675e-01	
3.665603e-01	-3.815662e-01	7.494256e-01	3.979976e-01	
3.662413e-01	-3.820836e-01	7.493226e-01	3.979888e-01	
3.662314e-01	-3.821438e-01	7.491792e-01	3.982101e-01	
3.666693e-01	-3.820439e-01	7.494063e-01	3.974749e-01	
3.669221e-01	-3.820728e-01	7.495720e-01	3.969010e-01	
3.665763e-01	-3.820835e-01	7.494210e-01	3.974948e-01	
3.663139e-01	-3.814810e-01	7.495512e-01	3.980695e-01	
3.663241e-01	-3.816764e-01	7.492564e-01	3.984276e-01	
3.659159e-01	-3.817963e-01	7.489729e-01	3.992201e-01	
3.658889e-01	-3.815949e-01	7.492595e-01	3.988995e-01	
3.658617e-01	-3.816623e-01	7.496055e-01	3.982094e-01	
3.655264e-01	-3.817992e-01	7.491965e-01	3.991547e-01	
3.652660e-01	-3.816605e-01	7.492830e-01	3.993632e-01	
3.657853e-01	-3.814489e-01	7.494095e-01	3.988525e-01	
3.663242e-01	-3.810201e-01	7.498511e-01	3.979368e-01	
3.662840e-01	-3.809713e-01	7.498498e-01	3.980229e-01	
3.662435e-01	-3.808941e-01	7.503765e-01	3.971404e-01	
3.665958e-01	-3.806568e-01	7.506058e-01	3.966093e-01	
3.673770e-01	-3.806585e-01	7.506588e-01	3.957836e-01	
3.675822e-01	-3.801086e-01	7.508175e-01	3.958205e-01	
3.677095e-01	-3.799238e-01	7.508021e-01	3.959089e-01	
3.674536e-01	-3.802083e-01	7.504459e-01	3.965482e-01	
3.673487e-01	-3.801161e-01	7.505729e-01	3.964933e-01	
3.673989e-01	-3.799294e-01	7.508548e-01	3.960920e-01	
3.675303e-01	-3.797798e-01	7.506900e-01	3.964256e-01	
3.672388e-01	-3.797416e-01	7.507546e-01	3.966099e-01	
3.678060e-01	-3.797855e-01	7.509479e-01	3.956753e-01	
3.681368e-01	-3.796039e-01	7.512163e-01	3.950320e-01	
3.680010e-01	-3.795764e-01	7.513162e-01	3.949949e-01	
3.682888e-01	-3.798958e-01	7.512311e-01	3.945812e-01	
3.680641e-01	-3.802649e-01	7.512305e-01	3.944364e-01	
3.684025e-01	-3.801039e-01	7.514804e-01	3.937991e-01	
3.683162e-01	-3.801180e-01	7.512690e-01	3.942696e-01	
3.681113e-01	-3.801443e-01	7.511759e-01	3.946126e-01	
3.681962e-01	-3.800082e-01	7.512397e-01	3.945430e-01	
3.679677e-01	-3.799839e-01	7.513676e-01	3.945362e-01	
3.675082e-01	-3.802844e-01	7.512973e-01	3.948088e-01	
3.675079e-01	-3.802720e-01	7.510287e-01	3.953316e-01	
3.675423e-01	-3.799394e-01	7.512737e-01	3.951539e-01	
3.675454e-01	-3.795861e-01	7.514555e-01	3.951447e-01	
3.680666e-01	-3.792210e-01	7.514820e-01	3.949598e-01	
3.682347e-01	-3.793073e-01	7.514141e-01	3.948494e-01	
3.684821e-01	-3.792703e-01	7.513809e-01	3.947174e-01	
3.685124e-01	-3.791316e-01	7.513448e-01	3.948908e-01	
3.684567e-01	-3.794635e-01	7.510092e-01	3.952624e-01	
3.689570e-01	-3.793896e-01	7.509741e-01	3.949330e-01	
3.689616e-01	-3.796396e-01	7.508599e-01	3.949057e-01	
3.691704e-01	-3.797851e-01	7.506478e-01	3.949739e-01	
3.696013e-01	-3.796213e-01	7.506589e-01	3.947071e-01	
3.700035e-01	-3.796269e-01	7.506527e-01	3.943367e-01	
3.700283e-01	-3.795998e-01	7.507348e-01	3.941830e-01	
3.694489e-01	-3.798871e-01	7.503660e-01	3.951507e-01	
3.697030e-01	-3.796758e-01	7.506593e-01	3.945587e-01	
3.697332e-01	-3.794309e-01	7.508031e-01	3.944924e-01	
3.695043e-01	-3.792415e-01	7.507133e-01	3.950596e-01	
3.696921e-01	-3.792560e-01	7.506271e-01	3.950337e-01	
3.698807e-01	-3.793749e-01	7.506886e-01	3.946259e-01	
3.691673e-01	-3.796610e-01	7.507740e-01	3.948563e-01	
3.685382e-01	-3.799081e-01	7.508079e-01	3.951417e-01	
3.686618e-01	-3.799312e-01	7.509160e-01	3.947987e-01	
3.688655e-01	-3.800424e-01	7.508884e-01	3.945538e-01	
3.691397e-01	-3.800656e-01	7.506735e-01	3.946839e-01	
3.690264e-01	-3.801830e-01	7.507188e-01	3.945906e-01	
3.686484e-01	-3.805013e-01	7.506455e-01	3.947765e-01	
3.685206e-01	-3.803419e-01	7.507052e-01	3.949359e-01	
3.681155e-01	-3.806599e-01	7.508354e-01	3.947598e-01	
3.680380e-01	-3.807504e-01	7.507330e-01	3.949394e-01	
3.678486e-01	-3.807455e-01	7.506997e-01	3.951838e-01	
3.678951e-01	-3.809834e-01	7.507767e-01	3.947648e-01	
3.677812e-01	-3.813475e-01	7.507206e-01	3.946259e-01	
3.682832e-01	-3.813674e-01	7.504167e-01	3.947166e-01	
3.683199e-01	-3.812623e-01	7.505071e-01	3.946119e-01	
3.684145e-01	-3.812646e-01	7.505759e-01	3.943904e-01	
3.683234e-01	-3.811061e-01	7.507372e-01	3.943218e-01	
3.687564e-01	-3.808998e-01	7.508490e-01	3.939033e-01	
3.687206e-01	-3.807933e-01	7.510420e-01	3.936718e-01	
3.690495e-01	-3.809898e-01	7.509755e-01	3.933002e-01	
3.691483e-01	-3.808743e-01	7.509023e-01	3.934591e-01	
3.689064e-01	-3.811327e-01	7.508824e-01	3.934738e-01	
3.685906e-01	-3.812367e-01	7.509501e-01	3.935398e-01	
3.687731e-01	-3.815110e-01	7.507239e-01	3.935344e-01	
3.690669e-01	-3.810209e-01	7.509320e-01	3.933368e-01	
3.697555e-01	-3.807603e-01	7.509311e-01	3.929440e-01	
3.696801e-01	-3.807596e-01	7.511065e-01	3.926804e-01	
3.697280e-01	-3.809358e-01	7.509715e-01	3.927224e-01	
3.700929e-01	-3.809020e-01	7.509162e-01	3.925172e-01	
3.704157e-01	-3.808375e-01	7.506943e-01	3.926998e-01	
3.704850e-01	-3.809677e-01	7.508110e-01	3.922846e-01	
3.703123e-01	-3.810215e-01	7.509270e-01	3.921735e-01	
3.706442e-01	-3.808365e-01	7.509352e-01	3.920240e-01	
3.702762e-01	-3.812876e-01	7.503620e-01	3.930294e-01	
3.702801e-01	-3.813347e-01	7.505394e-01	3.926413e-01	
3.698913e-01	-3.813907e-01	7.503582e-01	3.932991e-01	
3.692951e-01	-3.814448e-01	7.504341e-01	3.936619e-01	
3.689752e-01	-3.815514e-01	7.503276e-01	3.940614e-01	
3.690512e-01	-3.814436e-01	7.502701e-01	3.942040e-01	
3.691509e-01	-3.814234e-01	7.502077e-01	3.942489e-01	
3.691135e-01	-3.815300e-01	7.502632e-01	3.940750e-01	
3.695970e-01	-3.811385e-01	7.500557e-01	3.943956e-01	
3.697185e-01	-3.810284e-01	7.501045e-01	3.942954e-01	
3.695979e-01	-3.811189e-01	7.499897e-01	3.945393e-01	
3.696305e-01	-3.810917e-01	7.501225e-01	3.942825e-01	
3.692047e-01	-3.807823e-01	7.501435e-01	3.949398e-01	
3.693105e-01	-3.805390e-01	7.503394e-01	3.947031e-01	
3.695411e-01	-3.808712e-01	7.500671e-01	3.946846e-01	
3.695146e-01	-3.810571e-01	7.499955e-01	3.946660e-01	
3.698060e-01	-3.812117e-01	7.498373e-01	3.945443e-01	
3.695376e-01	-3.811851e-01	7.499299e-01	3.946454e-01	
3.694707e-01	-3.811908e-01	7.497524e-01	3.950397e-01	
3.694541e-01	-3.811925e-01	7.499450e-01	3.946878e-01	
3.693825e-01	-3.814231e-01	7.498697e-01	3.946750e-01	
3.694867e-01	-3.812691e-01	7.500485e-01	3.943864e-01	
3.693984e-01	-3.812192e-01	7.501578e-01	3.943095e-01	
3.689256e-01	-3.815644e-01	7.498122e-01	3.950749e-01	
3.695261e-01	-3.815194e-01	7.496376e-01	3.948884e-01	
3.696176e-01	-3.813307e-01	7.498331e-01	3.946138e-01	
3.694118e-01	-3.815005e-01	7.498861e-01	3.945416e-01	
3.689339e-01	-3.816062e-01	7.497874e-01	3.950739e-01	
3.689333e-01	-3.817584e-01	7.496846e-01	3.951224e-01	
3.690434e-01	-3.818574e-01	7.498610e-01	3.945888e-01	
3.689242e-01	-3.817972e-01	7.498042e-01	3.948664e-01	
3.687098e-01	-3.817982e-01	7.498487e-01	3.949812e-01	
3.691555e-01	-3.818832e-01	7.497305e-01	3.947070e-01	
3.695554e-01	-3.818633e-01	7.493906e-01	3.949974e-01	
3.696074e-01	-3.820827e-01	7.492968e-01	3.949145e-01	
3.694654e-01	-3.821936e-01	7.492263e-01	3.950739e-01	
3.694465e-01	-3.824674e-01	7.492127e-01	3.948522e-01	
3.696192e-01	-3.823777e-01	7.492238e-01	3.947565e-01	
3.696321e-01	-3.824241e-01	7.492176e-01	3.947112e-01	
3.696052e-01	-3.823190e-01	7.493577e-01	3.945721e-01	
3.694996e-01	-3.823747e-01	7.495708e-01	3.942121e-01	
3.695471e-01	-3.823759e-01	7.496431e-01	3.940290e-01	
3.695157e-01	-3.825454e-01	7.497353e-01	3.937185e-01	
3.695641e-01	-3.825436e-01	7.499223e-01	3.933184e-01	
3.696564e-01	-3.822595e-01	7.500315e-01	3.932996e-01	
3.697844e-01	-3.823022e-01	7.498540e-01	3.934762e-01	
3.698804e-01	-3.819716e-01	7.500177e-01	3.933951e-01	
3.696466e-01	-3.822111e-01	7.499834e-01	3.934476e-01	
3.693716e-01	-3.821173e-01	7.502167e-01	3.933521e-01	
3.691825e-01	-3.822308e-01	7.500043e-01	3.938242e-01	
3.692353e-01	-3.821164e-01	7.501913e-01	3.935294e-01	
3.691266e-01	-3.821615e-01	7.501153e-01	3.937324e-01	
3.690242e-01	-3.821384e-01	7.503038e-01	3.934914e-01	
3.691851e-01	-3.819773e-01	7.502920e-01	3.935196e-01	
3.692740e-01	-3.820275e-01	7.503170e-01	3.933398e-01	
3.689974e-01	-3.819349e-01	7.504570e-01	3.934221e-01	
3.694053e-01	-3.817176e-01	7.505309e-01	3.931091e-01	
3.693216e-01	-3.817860e-01	7.502808e-01	3.935984e-01	
3.691727e-01	-3.817598e-01	7.503018e-01	3.937234e-01	
3.695104e-01	-3.817157e-01	7.502998e-01	3.934532e-01	
3.696783e-01	-3.819832e-01	7.499877e-01	3.936307e-01	
3.695553e-01	-3.821108e-01	7.500018e-01	3.935957e-01	
3.693683e-01	-3.818319e-01	7.500702e-01	3.939114e-01	
3.693565e-01	-3.815408e-01	7.501222e-01	3.941053e-01	
3.695427e-01	-3.813830e-01	7.503022e-01	3.937409e-01	
3.694523e-01	-3.814857e-01	7.503117e-01	3.937080e-01	
3.692999e-01	-3.816349e-01	7.503351e-01	3.936617e-01	
3.694676e-01	-3.815002e-01	7.502351e-01	3.938256e-01	
3.696758e-01	-3.811629e-01	7.505444e-01	3.933673e-01	
3.698215e-01	-3.808451e-01	7.507051e-01	3.932313e-01	
3.697384e-01	-3.809470e-01	7.506716e-01	3.932748e-01	
3.698197e-01	-3.812384e-01	7.505287e-01	3.931886e-01	
3.699318e-01	-3.813707e-01	7.504659e-01	3.930748e-01	
3.700582e-01	-3.814605e-01	7.504480e-01	3.929028e-01	
3.700609e-01	-3.816937e-01	7.501363e-01	3.932689e-01	
3.703506e-01	-3.817818e-01	7.500568e-01	3.930622e-01	
3.703469e-01	-3.815906e-01	7.504445e-01	3.925109e-01	
3.700696e-01	-3.817148e-01	7.502929e-01	3.929412e-01	
3.703128e-01	-3.816615e-01	7.503046e-01	3.927415e-01	
3.704696e-01	-3.817747e-01	7.501283e-01	3.928204e-01	
3.702664e-01	-3.819828e-01	7.499824e-01	3.930881e-01	
3.702810e-01	-3.816567e-01	7.502542e-01	3.928723e-01	
3.702623e-01	-3.814522e-01	7.505097e-01	3.926006e-01	
3.703854e-01	-3.815229e-01	7.504099e-01	3.926067e-01	
3.705646e-01	-3.814309e-01	7.503495e-01	3.926424e-01	
3.705133e-01	-3.814765e-01	7.502861e-01	3.927676e-01	
3.705513e-01	-3.816213e-01	7.502428e-01	3.926738e-01	
3.706742e-01	-3.817418e-01	7.502200e-01	3.924841e-01	
3.707069e-01	-3.816125e-01	7.503502e-01	3.923300e-01	
3.707406e-01	-3.818968e-01	7.502788e-01	3.921580e-01	
3.707886e-01	-3.819841e-01	7.502283e-01	3.921243e-01	
3.708629e-01	-3.820457e-01	7.502882e-01	3.918794e-01	
3.708737e-01	-3.819409e-01	7.503820e-01	3.917915e-01	
3.706991e-01	-3.817882e-01	7.504744e-01	3.919288e-01	
3.709180e-01	-3.820472e-01	7.503213e-01	3.917624e-01	
3.709969e-01	-3.820213e-01	7.503794e-01	3.916016e-01	
3.708494e-01	-3.817460e-01	7.507530e-01	3.912936e-01	
3.707936e-01	-3.816164e-01	7.510198e-01	3.909606e-01	
3.708525e-01	-3.816906e-01	7.510960e-01	3.906860e-01	
3.706751e-01	-3.815632e-01	7.510958e-01	3.909789e-01	
3.704215e-01	-3.817902e-01	7.512590e-01	3.906841e-01	
3.704623e-01	-3.818085e-01	7.511388e-01	3.908585e-01	
3.705428e-01	-3.818806e-01	7.508779e-01	3.912130e-01	
3.705813e-01	-3.819019e-01	7.509715e-01	3.909759e-01	
3.706302e-01	-3.817889e-01	7.510562e-01	3.908773e-01	
3.709437e-01	-3.816549e-01	7.509234e-01	3.909660e-01	
3.710927e-01	-3.814833e-01	7.510170e-01	3.908122e-01	
3.711863e-01	-3.814202e-01	7.509939e-01	3.908292e-01	
3.711792e-01	-3.812935e-01	7.510798e-01	3.907946e-01	
3.711035e-01	-3.810493e-01	7.512578e-01	3.907625e-01	
3.708726e-01	-3.809064e-01	7.514096e-01	3.908292e-01	
3.712292e-01	-3.806917e-01	7.513152e-01	3.908814e-01	
3.712876e-01	-3.807709e-01	7.513325e-01	3.907154e-01	
3.713286e-01	-3.805549e-01	7.515824e-01	3.904061e-01	
3.710879e-01	-3.805375e-01	7.515751e-01	3.906659e-01	
3.708829e-01	-3.807750e-01	7.515716e-01	3.906360e-01	
3.708719e-01	-3.806207e-01	7.514925e-01	3.909487e-01	
3.707746e-01	-3.804228e-01	7.515442e-01	3.911341e-01	
3.707538e-01	-3.806233e-01	7.512412e-01	3.915408e-01	
3.707897e-01	-3.806438e-01	7.512429e-01	3.914836e-01	
3.707065e-01	-3.806482e-01	7.513475e-01	3.913574e-01	
3.705348e-01	-3.807857e-01	7.514079e-01	3.912702e-01	
3.704488e-01	-3.809271e-01	7.513198e-01	3.913832e-01	
3.706187e-01	-3.808438e-01	7.513078e-01	3.913264e-01	
3.701359e-01	-3.808647e-01	7.516123e-01	3.911782e-01	
3.703071e-01	-3.810876e-01	7.514452e-01	3.911201e-01	
3.701125e-01	-3.810978e-01	7.514025e-01	3.913764e-01	
3.699754e-01	-3.810801e-01	7.514256e-01	3.914790e-01	
3.699398e-01	-3.813738e-01	7.512465e-01	3.915701e-01	
3.695833e-01	-3.812946e-01	7.514900e-01	3.915169e-01	
3.694879e-01	-3.814411e-01	7.514104e-01	3.916170e-01	
3.697182e-01	-3.812305e-01	7.515607e-01	3.913162e-01	
3.694943e-01	-3.815949e-01	7.515944e-01	3.911076e-01	
3.694556e-01	-3.816865e-01	7.516424e-01	3.909626e-01	
3.692883e-01	-3.817688e-01	7.517406e-01	3.908513e-01	
3.692249e-01	-3.817591e-01	7.517664e-01	3.908711e-01	
3.689759e-01	-3.819109e-01	7.517281e-01	3.910316e-01	
3.692051e-01	-3.818443e-01	7.516624e-01	3.910067e-01	
3.692416e-01	-3.818570e-01	7.517615e-01	3.907692e-01	
3.692969e-01	-3.818318e-01	7.518387e-01	3.905929e-01	
3.695340e-01	-3.815880e-01	7.517228e-01	3.908299e-01	
3.693559e-01	-3.812580e-01	7.518371e-01	3.911004e-01	
3.694266e-01	-3.811622e-01	7.518252e-01	3.911498e-01	
3.695378e-01	-3.810053e-01	7.519636e-01	3.909316e-01	
3.690954e-01	-3.811805e-01	7.521449e-01	3.908301e-01	
3.687900e-01	-3.809965e-01	7.522770e-01	3.910433e-01	
3.686125e-01	-3.806991e-01	7.525008e-01	3.910698e-01	
3.687265e-01	-3.808228e-01	7.524798e-01	3.908821e-01	
3.688783e-01	-3.807083e-01	7.526109e-01	3.905981e-01	
3.691344e-01	-3.806900e-01	7.523847e-01	3.908097e-01	
3.691440e-01	-3.808214e-01	7.522995e-01	3.908366e-01	
3.691728e-01	-3.808400e-01	7.524395e-01	3.905216e-01	
3.693590e-01	-3.809987e-01	7.522297e-01	3.905949e-01	
3.695057e-01	-3.812463e-01	7.519722e-01	3.907104e-01	
3.689557e-01	-3.816036e-01	7.520794e-01	3.906749e-01	
3.690819e-01	-3.813947e-01	7.520999e-01	3.907203e-01	
3.689904e-01	-3.815736e-01	7.517705e-01	3.912657e-01	
3.689272e-01	-3.811460e-01	7.518862e-01	3.915196e-01	
3.689368e-01	-3.809655e-01	7.519606e-01	3.915434e-01	
3.687101e-01	-3.807047e-01	7.522796e-01	3.913977e-01	
3.691132e-01	-3.806972e-01	7.520737e-01	3.914209e-01	
3.691812e-01	-3.805272e-01	7.523123e-01	3.910633e-01	
3.691493e-01	-3.803522e-01	7.523802e-01	3.911330e-01	
3.692288e-01	-3.800654e-01	7.525134e-01	3.910806e-01	
3.693787e-01	-3.801892e-01	7.524732e-01	3.908960e-01	
3.692631e-01	-3.798820e-01	7.526687e-01	3.909275e-01	
3.692957e-01	-3.798757e-01	7.527977e-01	3.906543e-01	
3.696637e-01	-3.798703e-01	7.525405e-01	3.908069e-01	
3.697185e-01	-3.796471e-01	7.524703e-01	3.911072e-01	
3.699064e-01	-3.795892e-01	7.525176e-01	3.908947e-01	
3.701474e-01	-3.794115e-01	7.524323e-01	3.910032e-01	
3.701883e-01	-3.793221e-01	7.524976e-01	3.909255e-01	
3.701205e-01	-3.794567e-01	7.527062e-01	3.904571e-01	
3.699577e-01	-3.793734e-01	7.528868e-01	3.903443e-01	
3.705608e-01	-3.793298e-01	7.528340e-01	3.899161e-01	
3.705253e-01	-3.794081e-01	7.528818e-01	3.897813e-01	
3.702567e-01	-3.793210e-01	7.530330e-01	3.898292e-01	
3.701209e-01	-3.792952e-01	7.530472e-01	3.899559e-01	
3.700454e-01	-3.794060e-01	7.530528e-01	3.899090e-01	
3.703206e-01	-3.794353e-01	7.530333e-01	3.896568e-01	
3.703557e-01	-3.795015e-01	7.530282e-01	3.895687e-01	
3.701188e-01	-3.795902e-01	7.529380e-01	3.898816e-01	
3.702845e-01	-3.800025e-01	7.526670e-01	3.898460e-01	
3.701515e-01	-3.799333e-01	7.528210e-01	3.897424e-01	
3.698709e-01	-3.799905e-01	7.529346e-01	3.897335e-01	
3.696075e-01	-3.802110e-01	7.528935e-01	3.898478e-01	
3.697159e-01	-3.799889e-01	7.529584e-01	3.898362e-01	
3.696340e-01	-3.801407e-01	7.528570e-01	3.899617e-01	
3.697219e-01	-3.802977e-01	7.527684e-01	3.898961e-01	
3.698963e-01	-3.803279e-01	7.526298e-01	3.899690e-01	
3.699053e-01	-3.801017e-01	7.527699e-01	3.899106e-01	
3.700267e-01	-3.800571e-01	7.526045e-01	3.901581e-01	
3.699914e-01	-3.799683e-01	7.526832e-01	3.901261e-01	
3.702816e-01	-3.798423e-01	7.525927e-01	3.901483e-01	
3.705732e-01	-3.800483e-01	7.523026e-01	3.902302e-01	
3.702866e-01	-3.801426e-01	7.524199e-01	3.901843e-01	
3.705017e-01	-3.803979e-01	7.521396e-01	3.902716e-01	
3.708238e-01	-3.801231e-01	7.520365e-01	3.904320e-01	
3.707564e-01	-3.804418e-01	7.517726e-01	3.906937e-01	
3.708947e-01	-3.803458e-01	7.517949e-01	3.906132e-01	
3.709112e-01	-3.805179e-01	7.516984e-01	3.906155e-01	
3.711814e-01	-3.804361e-01	7.516653e-01	3.905024e-01	
3.710138e-01	-3.804813e-01	7.518204e-01	3.903189e-01	
3.708172e-01	-3.807275e-01	7.518454e-01	3.902174e-01	
3.708784e-01	-3.810070e-01	7.518212e-01	3.899329e-01	
3.706105e-01	-3.806896e-01	7.521054e-01	3.899497e-01	
3.706072e-01	-3.804169e-01	7.521887e-01	3.900583e-01	
3.703305e-01	-3.804043e-01	7.524436e-01	3.898417e-01	
3.703283e-01	-3.801432e-01	7.525444e-01	3.899039e-01	
3.701892e-01	-3.803654e-01	7.525522e-01	3.898042e-01	
3.698277e-01	-3.804843e-01	7.526234e-01	3.898938e-01	
3.697370e-01	-3.804212e-01	7.526353e-01	3.900185e-01	
3.695108e-01	-3.806350e-01	7.526992e-01	3.899008e-01	
3.692350e-01	-3.806285e-01	7.530226e-01	3.895438e-01	
3.691587e-01	-3.801124e-01	7.531324e-01	3.899077e-01	
3.692583e-01	-3.799527e-01	7.531988e-01	3.898409e-01	
3.692909e-01	-3.797758e-01	7.532755e-01	3.898340e-01	
3.692661e-01	-3.798818e-01	7.531998e-01	3.899006e-01	
3.694475e-01	-3.797635e-01	7.531768e-01	3.898884e-01	
3.693257e-01	-3.798995e-01	7.531445e-01	3.899337e-01	
3.694288e-01	-3.800264e-01	7.530600e-01	3.898756e-01	
3.695785e-01	-3.801153e-01	7.529458e-01	3.898675e-01	
3.691471e-01	-3.801833e-01	7.529791e-01	3.901456e-01	
3.687268e-01	-3.802818e-01	7.531821e-01	3.900552e-01	
3.683868e-01	-3.802734e-01	7.533766e-01	3.900089e-01	
3.681630e-01	-3.802177e-01	7.532250e-01	3.905670e-01	
3.681023e-01	-3.802124e-01	7.533596e-01	3.903697e-01	
3.677073e-01	-3.801572e-01	7.535274e-01	3.904719e-01	
3.679319e-01	-3.800641e-01	7.533474e-01	3.906983e-01	
3.676502e-01	-3.801910e-01	7.535006e-01	3.905445e-01	
3.675364e-01	-3.803540e-01	7.535534e-01	3.903909e-01	
3.673873e-01	-3.803300e-01	7.536500e-01	3.903681e-01	
3.675803e-01	-3.803870e-01	7.536198e-01	3.901891e-01	
3.677146e-01	-3.804746e-01	7.535356e-01	3.901400e-01	
3.672712e-01	-3.803088e-01	7.537906e-01	3.902265e-01	
3.670403e-01	-3.804901e-01	7.538618e-01	3.901296e-01	
3.667725e-01	-3.806521e-01	7.539323e-01	3.900873e-01	
3.670431e-01	-3.803969e-01	7.537961e-01	3.903447e-01	
3.668309e-01	-3.805710e-01	7.538498e-01	3.902708e-01	
3.664900e-01	-3.805754e-01	7.538712e-01	3.905453e-01	
3.667545e-01	-3.806311e-01	7.537631e-01	3.904514e-01	
3.668251e-01	-3.807328e-01	7.537918e-01	3.902304e-01	
3.669867e-01	-3.811030e-01	7.536604e-01	3.899708e-01	
3.669493e-01	-3.812449e-01	7.535695e-01	3.900431e-01	
3.668351e-01	-3.812810e-01	7.533820e-01	3.904771e-01	
3.671647e-01	-3.811181e-01	7.535016e-01	3.900954e-01	
3.669019e-01	-3.811165e-01	7.534956e-01	3.903557e-01	
3.670458e-01	-3.806526e-01	7.536524e-01	3.903704e-01	
3.671081e-01	-3.806280e-01	7.536475e-01	3.903453e-01	
3.671119e-01	-3.802946e-01	7.537024e-01	3.905607e-01	
3.669277e-01	-3.801371e-01	7.538096e-01	3.906802e-01	
3.671408e-01	-3.799261e-01	7.539387e-01	3.904360e-01	
3.669890e-01	-3.799946e-01	7.539217e-01	3.905449e-01	
3.666420e-01	-3.797886e-01	7.540026e-01	3.909148e-01	
3.668647e-01	-3.797074e-01	7.539370e-01	3.909112e-01	
3.674033e-01	-3.791714e-01	7.537885e-01	3.912120e-01	
3.675265e-01	-3.791472e-01	7.536642e-01	3.913591e-01	
3.676861e-01	-3.789139e-01	7.537766e-01	3.912187e-01	
3.676549e-01	-3.790054e-01	7.537410e-01	3.912280e-01	
3.675729e-01	-3.789254e-01	7.539221e-01	3.910335e-01	
3.676690e-01	-3.789057e-01	7.539596e-01	3.908899e-01	
3.676771e-01	-3.786213e-01	7.541276e-01	3.908337e-01	
3.675265e-01	-3.787169e-01	7.540300e-01	3.910709e-01	
3.674410e-01	-3.787256e-01	7.541476e-01	3.909160e-01	
3.674172e-01	-3.790341e-01	7.539969e-01	3.909303e-01	
3.673274e-01	-3.791436e-01	7.540041e-01	3.908947e-01	
3.674588e-01	-3.788969e-01	7.538160e-01	3.913726e-01	
3.673824e-01	-3.790074e-01	7.539843e-01	3.910130e-01	
3.672616e-01	-3.792946e-01	7.536708e-01	3.914522e-01	
3.670502e-01	-3.794321e-01	7.534564e-01	3.919297e-01	
3.671553e-01	-3.794608e-01	7.534949e-01	3.917295e-01	
3.670754e-01	-3.792210e-01	7.535425e-01	3.919448e-01	
3.669742e-01	-3.790468e-01	7.537390e-01	3.918302e-01	
3.666064e-01	-3.794916e-01	7.537486e-01	3.917255e-01	
3.663308e-01	-3.793057e-01	7.540530e-01	3.915776e-01	
3.664993e-01	-3.795920e-01	7.540189e-01	3.912079e-01	
3.667266e-01	-3.797393e-01	7.540541e-01	3.907838e-01	
3.662439e-01	-3.799399e-01	7.542436e-01	3.906758e-01	
3.662405e-01	-3.799220e-01	7.542945e-01	3.905983e-01	
3.663213e-01	-3.796660e-01	7.545197e-01	3.903364e-01	
3.660109e-01	-3.798605e-01	7.545905e-01	3.903014e-01	
3.662664e-01	-3.797561e-01	7.544869e-01	3.903636e-01	
3.656939e-01	-3.797112e-01	7.547649e-01	3.904067e-01	
3.655954e-01	-3.799356e-01	7.546769e-01	3.904508e-01	
3.659928e-01	-3.798971e-01	7.546025e-01	3.902596e-01	
3.660599e-01	-3.800792e-01	7.545911e-01	3.900414e-01	
3.657819e-01	-3.796535e-01	7.548737e-01	3.901700e-01	
3.661436e-01	-3.796137e-01	7.547853e-01	3.900404e-01	
3.659336e-01	-3.797818e-01	7.548407e-01	3.899666e-01	
3.657800e-01	-3.795901e-01	7.548771e-01	3.902268e-01	
3.656817e-01	-3.795894e-01	7.549090e-01	3.902578e-01	
3.658349e-01	-3.793577e-01	7.550613e-01	3.900450e-01	
3.659406e-01	-3.790768e-01	7.552044e-01	3.899417e-01	
3.658421e-01	-3.792879e-01	7.550305e-01	3.901657e-01	
3.654237e-01	-3.794268e-01	7.552898e-01	3.899207e-01	
3.654739e-01	-3.791542e-01	7.554390e-01	3.898497e-01	
3.656670e-01	-3.790379e-01	7.555412e-01	3.895837e-01	
3.658740e-01	-3.785739e-01	7.555873e-01	3.897509e-01	
3.661077e-01	-3.782353e-01	7.556713e-01	3.896974e-01	
3.662909e-01	-3.782609e-01	7.555711e-01	3.896946e-01	
3.660785e-01	-3.784525e-01	7.555920e-01	3.896678e-01	
3.659827e-01	-3.785982e-01	7.556388e-01	3.895256e-01	
3.662425e-01	-3.782084e-01	7.557680e-01	3.894093e-01	
3.661339e-01	-3.783817e-01	7.558224e-01	3.892374e-01	
3.660096e-01	-3.784644e-01	7.559369e-01	3.890515e-01	
3.661271e-01	-3.785650e-01	7.558781e-01	3.889572e-01	
3.658156e-01	-3.790743e-01	7.559418e-01	3.886305e-01	
3.657568e-01	-3.786610e-01	7.559514e-01	3.890699e-01	
3.656263e-01	-3.787687e-01	7.558867e-01	3.892134e-01	
3.656707e-01	-3.785147e-01	7.559410e-01	3.893132e-01	
3.653337e-01	-3.785356e-01	7.560270e-01	3.894422e-01	
3.652042e-01	-3.785073e-01	7.560020e-01	3.896396e-01	
3.651012e-01	-3.783963e-01	7.560539e-01	3.897433e-01	
3.650888e-01	-3.784013e-01	7.560212e-01	3.898135e-01	
3.651332e-01	-3.783630e-01	7.559655e-01	3.899171e-01	
3.650338e-01	-3.784615e-01	7.562165e-01	3.894276e-01	
3.650673e-01	-3.784063e-01	7.560823e-01	3.897103e-01	
3.652275e-01	-3.781890e-01	7.560732e-01	3.897889e-01	
3.654812e-01	-3.782213e-01	7.559153e-01	3.898260e-01	
3.653985e-01	-3.784447e-01	7.559467e-01	3.896257e-01	
3.654814e-01	-3.784294e-01	7.559315e-01	3.895922e-01	
3.657877e-01	-3.781591e-01	7.560993e-01	3.892414e-01	
3.655460e-01	-3.778223e-01	7.564159e-01	3.891805e-01	
3.658428e-01	-3.776640e-01	7.564704e-01	3.889492e-01	
3.660033e-01	-3.777445e-01	7.564683e-01	3.887240e-01	
3.662028e-01	-3.777942e-01	7.562530e-01	3.889066e-01	
3.666885e-01	-3.774016e-01	7.564134e-01	3.885181e-01	
3.667951e-01	-3.774485e-01	7.563412e-01	3.885125e-01	
3.664926e-01	-3.776037e-01	7.564466e-01	3.884419e-01	
3.664009e-01	-3.781974e-01	7.563809e-01	3.880786e-01	
3.661796e-01	-3.778629e-01	7.565789e-01	3.882274e-01	
3.665435e-01	-3.777473e-01	7.565397e-01	3.880728e-01	
3.663612e-01	-3.777090e-01	7.566552e-01	3.880572e-01	
3.665992e-01	-3.777956e-01	7.564879e-01	3.880741e-01	
3.668280e-01	-3.776878e-01	7.566240e-01	3.876973e-01	
3.669140e-01	-3.774757e-01	7.564698e-01	3.881232e-01	
3.670886e-01	-3.772443e-01	7.565103e-01	3.881042e-01	
3.671001e-01	-3.773443e-01	7.566644e-01	3.876956e-01	
3.669328e-01	-3.774586e-01	7.566273e-01	3.878150e-01	
3.670423e-01	-3.774107e-01	7.567042e-01	3.876079e-01	
3.666433e-01	-3.775295e-01	7.568730e-01	3.875402e-01	
3.667532e-01	-3.773233e-01	7.568702e-01	3.876425e-01	
3.663935e-01	-3.773816e-01	7.569724e-01	3.877264e-01	
3.662966e-01	-3.772766e-01	7.571267e-01	3.876187e-01	
3.665107e-01	-3.774111e-01	7.571513e-01	3.872372e-01	
3.664557e-01	-3.772049e-01	7.572947e-01	3.872099e-01	
3.665210e-01	-3.775004e-01	7.571186e-01	3.872043e-01	
3.665669e-01	-3.771897e-01	7.571602e-01	3.873823e-01	
3.666324e-01	-3.772015e-01	7.571690e-01	3.872917e-01	
3.663612e-01	-3.767704e-01	7.573162e-01	3.876800e-01	
3.664205e-01	-3.770091e-01	7.572083e-01	3.876026e-01	
3.663105e-01	-3.771820e-01	7.572210e-01	3.875135e-01	
3.662221e-01	-3.770088e-01	7.572365e-01	3.877353e-01	
3.661490e-01	-3.768650e-01	7.573993e-01	3.876260e-01	
3.659207e-01	-3.769291e-01	7.574406e-01	3.876985e-01	
3.659390e-01	-3.769809e-01	7.572532e-01	3.879970e-01	
3.657594e-01	-3.772150e-01	7.571982e-01	3.880461e-01	
3.661166e-01	-3.767707e-01	7.573536e-01	3.878376e-01	
3.664376e-01	-3.766643e-01	7.574209e-01	3.875062e-01	
3.662854e-01	-3.766026e-01	7.575934e-01	3.873728e-01	
3.661038e-01	-3.769073e-01	7.576153e-01	3.872054e-01	
3.665230e-01	-3.766879e-01	7.576763e-01	3.869027e-01	
3.664747e-01	-3.766841e-01	7.576558e-01	3.869924e-01	
3.663222e-01	-3.767202e-01	7.577731e-01	3.868719e-01	
3.664031e-01	-3.770011e-01	7.576385e-01	3.867852e-01	
3.662633e-01	-3.767453e-01	7.579679e-01	3.865213e-01	
3.664697e-01	-3.768459e-01	7.577368e-01	3.866809e-01	
3.664441e-01	-3.768162e-01	7.578181e-01	3.865747e-01	
3.660687e-01	-3.765610e-01	7.582187e-01	3.863936e-01	
3.661036e-01	-3.766670e-01	7.580718e-01	3.865453e-01	
3.663999e-01	-3.767398e-01	7.580667e-01	3.862034e-01	
3.662633e-01	-3.767995e-01	7.581188e-01	3.861725e-01	
3.659608e-01	-3.767394e-01	7.584616e-01	3.858445e-01	
3.658667e-01	-3.761698e-01	7.588390e-01	3.857477e-01	
3.659507e-01	-3.759244e-01	7.587336e-01	3.861144e-01	
3.658029e-01	-3.760001e-01	7.587795e-01	3.860904e-01	
3.655824e-01	-3.762366e-01	7.588083e-01	3.860124e-01	
3.657298e-01	-3.762900e-01	7.588385e-01	3.857612e-01	
3.658410e-01	-3.761540e-01	7.589275e-01	3.856133e-01	
3.659916e-01	-3.758229e-01	7.589503e-01	3.857482e-01	
3.660376e-01	-3.756187e-01	7.590951e-01	3.856186e-01	
3.659770e-01	-3.758697e-01	7.592842e-01	3.850589e-01	
3.659807e-01	-3.761042e-01	7.591101e-01	3.851696e-01	
3.660590e-01	-3.760129e-01	7.591110e-01	3.851827e-01	
3.655925e-01	-3.763967e-01	7.591254e-01	3.852223e-01	
3.654986e-01	-3.763779e-01	7.591273e-01	3.853261e-01	
3.658563e-01	-3.764670e-01	7.590512e-01	3.850495e-01	
3.658182e-01	-3.762687e-01	7.591753e-01	3.850348e-01	
3.657369e-01	-3.760438e-01	7.593220e-01	3.850424e-01	
3.657601e-01	-3.762594e-01	7.592691e-01	3.849141e-01	
3.656507e-01	-3.764562e-01	7.593086e-01	3.847477e-01	
3.661044e-01	-3.765362e-01	7.591304e-01	3.845896e-01	
3.659271e-01	-3.765337e-01	7.590398e-01	3.849393e-01	
3.658295e-01	-3.767193e-01	7.588053e-01	3.853126e-01	
3.657743e-01	-3.766104e-01	7.590362e-01	3.850166e-01	
3.658987e-01	-3.763709e-01	7.589597e-01	3.852833e-01	
3.660301e-01	-3.760239e-01	7.588932e-01	3.856282e-01	
3.661886e-01	-3.760216e-01	7.588274e-01	3.856095e-01	
3.661740e-01	-3.759964e-01	7.587615e-01	3.857775e-01	
3.662395e-01	-3.761080e-01	7.585176e-01	3.860860e-01	
3.662296e-01	-3.762052e-01	7.585428e-01	3.859512e-01	
3.661206e-01	-3.764035e-01	7.584975e-01	3.859503e-01	
3.660646e-01	-3.764797e-01	7.583690e-01	3.861817e-01	
3.663270e-01	-3.765102e-01	7.583585e-01	3.859237e-01	
3.661372e-01	-3.765047e-01	7.585107e-01	3.858098e-01	
3.661109e-01	-3.763676e-01	7.586689e-01	3.856577e-01	
3.659299e-01	-3.765520e-01	7.585244e-01	3.859333e-01	
3.654268e-01	-3.765224e-01	7.586528e-01	3.861866e-01	
3.654683e-01	-3.765564e-01	7.585257e-01	3.863639e-01	
3.651369e-01	-3.765693e-01	7.586780e-01	3.863655e-01	
3.650826e-01	-3.762186e-01	7.589469e-01	3.862302e-01	
3.650747e-01	-3.763042e-01	7.590085e-01	3.860334e-01	
3.647710e-01	-3.765394e-01	7.591051e-01	3.859012e-01	
3.648556e-01	-3.764393e-01	7.591461e-01	3.858381e-01	
3.650045e-01	-3.764245e-01	7.590986e-01	3.858051e-01	
3.650825e-01	-3.766116e-01	7.590911e-01	3.855634e-01	
3.653048e-01	-3.765418e-01	7.590775e-01	3.854479e-01	
3.649595e-01	-3.765662e-01	7.591089e-01	3.856891e-01	
3.649677e-01	-3.763239e-01	7.594660e-01	3.852146e-01	
3.650551e-01	-3.764977e-01	7.593599e-01	3.851712e-01	
3.649401e-01	-3.761736e-01	7.594978e-01	3.853249e-01	
3.649676e-01	-3.763725e-01	7.594178e-01	3.852623e-01	
3.649454e-01	-3.765833e-01	7.595236e-01	3.848685e-01	
3.649646e-01	-3.767405e-01	7.595351e-01	3.846737e-01	
3.649583e-01	-3.765426e-01	7.596365e-01	3.846733e-01	
3.648399e-01	-3.764894e-01	7.597805e-01	3.845531e-01	
3.647182e-01	-3.764208e-01	7.598229e-01	3.846519e-01	
3.645142e-01	-3.760817e-01	7.600115e-01	3.848044e-01	
3.646079e-01	-3.758347e-01	7.600617e-01	3.848578e-01	
3.646917e-01	-3.758906e-01	7.600210e-01	3.848042e-01	
3.649964e-01	-3.760047e-01	7.600863e-01	3.842745e-01	
3.649667e-01	-3.756413e-01	7.603625e-01	3.841117e-01	
3.649661e-01	-3.753086e-01	7.606330e-01	3.839020e-01	
3.651494e-01	-3.751548e-01	7.606156e-01	3.839124e-01	
3.654064e-01	-3.749109e-01	7.605143e-01	3.841067e-01	
3.655838e-01	-3.751839e-01	7.604828e-01	3.837335e-01	
3.658929e-01	-3.754382e-01	7.602718e-01	3.836083e-01	
3.656503e-01	-3.752693e-01	7.604531e-01	3.836456e-01	
3.659491e-01	-3.751609e-01	7.602564e-01	3.838564e-01	
3.658580e-01	-3.757793e-01	7.600383e-01	3.837702e-01	
3.660865e-01	-3.757430e-01	7.600029e-01	3.836580e-01	
3.662527e-01	-3.759165e-01	7.598416e-01	3.836489e-01	
3.665783e-01	-3.761076e-01	7.596156e-01	3.835982e-01	
3.663265e-01	-3.760190e-01	7.598255e-01	3.835099e-01	
3.664993e-01	-3.761732e-01	7.595794e-01	3.836809e-01	
3.668552e-01	-3.763416e-01	7.594033e-01	3.835244e-01	
3.670060e-01	-3.764217e-01	7.595237e-01	3.830628e-01	
3.670582e-01	-3.760544e-01	7.596123e-01	3.831978e-01	
3.671938e-01	-3.760909e-01	7.595214e-01	3.832121e-01	
3.673658e-01	-3.761060e-01	7.594030e-01	3.832672e-01	
3.676962e-01	-3.761763e-01	7.592145e-01	3.832547e-01	
3.676409e-01	-3.761645e-01	7.592678e-01	3.832138e-01	
3.676559e-01	-3.759459e-01	7.593322e-01	3.832864e-01	
3.674804e-01	-3.758977e-01	7.594967e-01	3.831758e-01	
3.676258e-01	-3.759084e-01	7.593670e-01	3.832832e-01	
3.675248e-01	-3.758895e-01	7.594230e-01	3.832875e-01	
3.674041e-01	-3.755302e-01	7.596318e-01	3.833416e-01	
3.672058e-01	-3.754843e-01	7.596972e-01	3.834469e-01	
3.669527e-01	-3.754581e-01	7.597791e-01	3.835527e-01	
3.667517e-01	-3.752989e-01	7.600397e-01	3.833843e-01	
3.666060e-01	-3.752793e-01	7.601790e-01	3.832667e-01	
3.665576e-01	-3.753335e-01	7.602544e-01	3.831104e-01	
3.665992e-01	-3.753197e-01	7.601604e-01	3.832706e-01	
3.666721e-01	-3.754128e-01	7.600963e-01	3.832366e-01	
3.666635e-01	-3.755844e-01	7.601570e-01	3.829564e-01	
3.667736e-01	-3.755055e-01	7.600219e-01	3.831964e-01	
3.667272e-01	-3.753637e-01	7.600254e-01	3.833726e-01	
3.667045e-01	-3.751303e-01	7.600420e-01	3.835900e-01	
3.666672e-01	-3.752989e-01	7.599834e-01	3.835768e-01	
3.665934e-01	-3.752056e-01	7.600623e-01	3.835821e-01	
3.665567e-01	-3.753734e-01	7.600602e-01	3.834574e-01	
3.668514e-01	-3.751971e-01	7.600540e-01	3.833604e-01	
3.670779e-01	-3.751885e-01	7.599400e-01	3.833778e-01	
3.670426e-01	-3.749478e-01	7.600902e-01	3.833495e-01	
3.670964e-01	-3.745400e-01	7.600943e-01	3.836883e-01	
3.668300e-01	-3.742414e-01	7.602158e-01	3.839935e-01	
3.671147e-01	-3.736825e-01	7.603531e-01	3.839940e-01	
3.668314e-01	-3.739232e-01	7.604564e-01	3.838259e-01	
3.664480e-01	-3.739549e-01	7.607804e-01	3.835190e-01	
3.665727e-01	-3.738633e-01	7.608935e-01	3.832647e-01	
3.666069e-01	-3.739321e-01	7.608622e-01	3.832269e-01	
3.669470e-01	-3.738573e-01	7.607266e-01	3.832435e-01	
3.669460e-01	-3.740508e-01	7.607752e-01	3.829592e-01	
3.667813e-01	-3.741230e-01	7.608978e-01	3.828028e-01	
3.663853e-01	-3.742499e-01	7.609391e-01	3.829758e-01	
3.661014e-01	-3.740890e-01	7.610576e-01	3.831690e-01	
3.664261e-01	-3.746545e-01	7.608122e-01	3.827934e-01	
3.666437e-01	-3.744478e-01	7.607187e-01	3.829730e-01	
3.665603e-01	-3.744055e-01	7.607850e-01	3.829624e-01	
3.665374e-01	-3.744786e-01	7.607541e-01	3.829744e-01	
3.664582e-01	-3.740350e-01	7.608952e-01	3.832032e-01	
3.666689e-01	-3.741415e-01	7.608573e-01	3.829728e-01	
3.666400e-01	-3.739595e-01	7.610103e-01	3.828742e-01	
3.665372e-01	-3.738054e-01	7.611633e-01	3.828191e-01	
3.662988e-01	-3.736470e-01	7.612856e-01	3.829587e-01	
3.669601e-01	-3.735324e-01	7.612359e-01	3.825360e-01	
3.669286e-01	-3.731207e-01	7.613154e-01	3.828097e-01	
3.667828e-01	-3.731657e-01	7.614479e-01	3.826419e-01	
3.670194e-01	-3.730627e-01	7.615773e-01	3.822578e-01	
3.668782e-01	-3.734040e-01	7.616037e-01	3.820073e-01	
3.666546e-01	-3.735376e-01	7.616258e-01	3.820474e-01	
3.666167e-01	-3.735917e-01	7.616141e-01	3.820542e-01	
3.663868e-01	-3.737337e-01	7.617319e-01	3.819010e-01	
3.663109e-01	-3.737651e-01	7.618219e-01	3.817636e-01	
3.663360e-01	-3.738674e-01	7.617331e-01	3.818164e-01	
3.663390e-01	-3.736528e-01	7.619709e-01	3.815491e-01	
3.665637e-01	-3.733806e-01	7.616833e-01	3.821734e-01	
3.667292e-01	-3.731005e-01	7.617187e-01	3.822177e-01	
3.664694e-01	-3.732286e-01	7.617572e-01	3.822651e-01	
3.663782e-01	-3.733859e-01	7.617950e-01	3.821235e-01	
3.663399e-01	-3.735893e-01	7.619086e-01	3.817346e-01	
3.663060e-01	-3.735600e-01	7.619065e-01	3.818002e-01	
3.662679e-01	-3.732813e-01	7.619225e-01	3.820773e-01	
3.663218e-01	-3.731341e-01	7.620240e-01	3.819668e-01	
3.660109e-01	-3.730178e-01	7.622327e-01	3.819620e-01	
3.660396e-01	-3.733093e-01	7.621180e-01	3.818788e-01	
3.661648e-01	-3.728609e-01	7.623002e-01	3.818330e-01	
3.663042e-01	-3.727359e-01	7.623230e-01	3.817759e-01	
3.661745e-01	-3.727853e-01	7.625150e-01	3.814684e-01	
3.661661e-01	-3.728642e-01	7.624332e-01	3.815629e-01	
3.659274e-01	-3.727645e-01	7.624025e-01	3.819505e-01	
3.659026e-01	-3.727104e-01	7.622747e-01	3.822821e-01	
3.659495e-01	-3.726891e-01	7.624624e-01	3.818834e-01	
3.653909e-01	-3.726839e-01	7.627190e-01	3.819109e-01	
3.656199e-01	-3.729597e-01	7.626186e-01	3.816228e-01	
3.659626e-01	-3.728939e-01	7.625698e-01	3.814560e-01	
3.657411e-01	-3.729034e-01	7.626734e-01	3.814523e-01	
3.657254e-01	-3.727235e-01	7.627246e-01	3.815406e-01	
3.657835e-01	-3.731077e-01	7.628089e-01	3.809404e-01	
3.656959e-01	-3.731188e-01	7.628312e-01	3.809690e-01	
3.661381e-01	-3.729520e-01	7.628459e-01	3.806780e-01	
3.659430e-01	-3.732984e-01	7.627579e-01	3.807026e-01	
3.655832e-01	-3.728979e-01	7.629773e-01	3.810010e-01	
3.658618e-01	-3.727657e-01	7.629445e-01	3.809285e-01	
3.660151e-01	-3.729819e-01	7.629370e-01	3.805846e-01	
3.657605e-01	-3.726827e-01	7.633146e-01	3.803652e-01	
3.658533e-01	-3.728821e-01	7.634051e-01	3.798986e-01	
3.659325e-01	-3.729864e-01	7.634024e-01	3.797253e-01	
3.661268e-01	-3.725039e-01	7.634927e-01	3.798301e-01	
3.662398e-01	-3.725828e-01	7.634553e-01	3.797190e-01	
3.663111e-01	-3.723931e-01	7.636547e-01	3.794352e-01	
3.659363e-01	-3.726152e-01	7.637233e-01	3.794407e-01	
3.660298e-01	-3.728523e-01	7.635198e-01	3.795271e-01	
3.659531e-01	-3.728806e-01	7.637010e-01	3.792087e-01	
3.657609e-01	-3.730873e-01	7.636205e-01	3.793529e-01	
3.653628e-01	-3.731063e-01	7.638932e-01	3.791686e-01	
3.654802e-01	-3.726647e-01	7.640605e-01	3.791528e-01	
3.656573e-01	-3.726362e-01	7.639377e-01	3.792574e-01	
3.654563e-01	-3.729863e-01	7.640215e-01	3.789381e-01	
3.653501e-01	-3.732755e-01	7.639744e-01	3.788506e-01	
3.655470e-01	-3.733257e-01	7.636946e-01	3.791751e-01	
3.656024e-01	-3.738143e-01	7.634215e-01	3.791904e-01	
3.655163e-01	-3.738937e-01	7.633476e-01	3.793439e-01	
3.657208e-01	-3.738617e-01	7.632133e-01	3.794486e-01	
3.653015e-01	-3.743260e-01	7.629051e-01	3.800140e-01	
3.653152e-01	-3.745247e-01	7.628993e-01	3.798166e-01	
3.653647e-01	-3.747786e-01	7.628506e-01	3.796164e-01	
3.656135e-01	-3.745448e-01	7.627034e-01	3.799033e-01	
3.656511e-01	-3.741151e-01	7.629849e-01	3.797250e-01	
3.654671e-01	-3.743374e-01	7.630291e-01	3.795944e-01	
3.656537e-01	-3.742322e-01	7.627838e-01	3.800112e-01	
3.655884e-01	-3.743504e-01	7.628606e-01	3.798035e-01	
3.657254e-01	-3.741726e-01	7.628498e-01	3.798683e-01	
3.660506e-01	-3.741761e-01	7.626936e-01	3.798654e-01	
3.658139e-01	-3.741254e-01	7.626054e-01	3.803201e-01	
3.652945e-01	-3.741498e-01	7.627114e-01	3.805827e-01	
3.657229e-01	-3.739389e-01	7.624713e-01	3.808595e-01	
3.655997e-01	-3.738643e-01	7.626302e-01	3.807329e-01	
3.655863e-01	-3.738392e-01	7.627429e-01	3.805447e-01	
3.659415e-01	-3.737716e-01	7.627837e-01	3.801876e-01	
3.663020e-01	-3.739230e-01	7.625899e-01	3.800805e-01	
3.661355e-01	-3.737761e-01	7.629466e-01	3.796692e-01	
3.660340e-01	-3.735258e-01	7.631329e-01	3.796389e-01	
3.655481e-01	-3.736437e-01	7.632430e-01	3.797698e-01	
3.653198e-01	-3.738168e-01	7.633770e-01	3.795497e-01	
3.654475e-01	-3.733496e-01	7.635782e-01	3.794818e-01	
3.655498e-01	-3.730629e-01	7.636360e-01	3.795490e-01	
3.657746e-01	-3.731222e-01	7.635757e-01	3.793954e-01	
3.659064e-01	-3.733941e-01	7.633029e-01	3.795498e-01	
3.658977e-01	-3.734552e-01	7.634088e-01	3.792849e-01	
3.655920e-01	-3.734528e-01	7.634736e-01	3.794517e-01	
3.655566e-01	-3.736365e-01	7.634244e-01	3.794040e-01	
3.654063e-01	-3.735336e-01	7.636307e-01	3.792349e-01	
3.652948e-01	-3.735129e-01	7.636869e-01	3.792494e-01	
3.652166e-01	-3.736765e-01	7.636522e-01	3.792336e-01	
3.651826e-01	-3.739124e-01	7.635627e-01	3.792140e-01	
3.653484e-01	-3.738140e-01	7.635380e-01	3.792009e-01	
3.654607e-01	-3.735414e-01	7.635797e-01	3.792774e-01	
3.652069e-01	-3.733988e-01	7.637778e-01	3.792633e-01	
3.652339e-01	-3.733249e-01	7.637046e-01	3.794576e-01	
3.651039e-01	-3.733415e-01	7.637909e-01	3.793926e-01	
3.651278e-01	-3.733310e-01	7.637812e-01	3.793994e-01	
3.651267e-01	-3.729708e-01	7.639911e-01	3.793321e-01	
3.650833e-01	-3.725605e-01	7.643312e-01	3.790919e-01	
3.647497e-01	-3.726165e-01	7.644630e-01	3.790922e-01	
3.646433e-01	-3.724877e-01	7.645412e-01	3.791634e-01	
3.642896e-01	-3.723330e-01	7.646498e-01	3.794363e-01	
3.646061e-01	-3.726082e-01	7.643213e-01	3.795240e-01	
3.649215e-01	-3.726566e-01	7.640954e-01	3.796284e-01	
3.647335e-01	-3.725845e-01	7.642426e-01	3.795834e-01	
3.644887e-01	-3.725379e-01	7.644686e-01	3.794090e-01	
3.643913e-01	-3.723415e-01	7.646194e-01	3.793915e-01	
3.644910e-01	-3.721946e-01	7.648482e-01	3.789785e-01	
3.642273e-01	-3.723226e-01	7.648251e-01	3.791530e-01	
3.645031e-01	-3.724681e-01	7.648333e-01	3.787283e-01	
3.645121e-01	-3.721833e-01	7.648965e-01	3.788718e-01	
3.645496e-01	-3.721211e-01	7.649424e-01	3.788040e-01	
3.645112e-01	-3.720711e-01	7.648659e-01	3.790446e-01	
3.646649e-01	-3.721758e-01	7.647874e-01	3.789524e-01	
3.646289e-01	-3.721707e-01	7.650421e-01	3.784776e-01	
3.648436e-01	-3.720161e-01	7.649020e-01	3.787058e-01	
3.649430e-01	-3.720974e-01	7.649763e-01	3.783799e-01	
3.650097e-01	-3.721203e-01	7.648647e-01	3.785187e-01	
3.648028e-01	-3.722043e-01	7.647199e-01	3.789279e-01	
3.646055e-01	-3.726727e-01	7.646542e-01	3.787899e-01	
3.646729e-01	-3.726811e-01	7.644518e-01	3.791252e-01	
3.642836e-01	-3.726613e-01	7.647058e-01	3.790065e-01	
3.643598e-01	-3.725577e-01	7.646967e-01	3.790537e-01	
3.643924e-01	-3.727490e-01	7.645701e-01	3.790896e-01	
3.641887e-01	-3.725874e-01	7.648206e-01	3.789387e-01	
3.643315e-01	-3.726632e-01	7.647255e-01	3.789190e-01	
3.643564e-01	-3.726859e-01	7.647046e-01	3.789149e-01	
3.643142e-01	-3.725811e-01	7.650392e-01	3.783827e-01	
3.642749e-01	-3.726809e-01	7.652187e-01	3.779592e-01	
3.645806e-01	-3.724609e-01	7.651367e-01	3.780471e-01	
3.650154e-01	-3.725206e-01	7.648642e-01	3.781203e-01	
3.648314e-01	-3.727120e-01	7.648927e-01	3.780515e-01	
3.646788e-01	-3.729318e-01	7.649242e-01	3.779183e-01	
3.643387e-01	-3.727923e-01	7.651899e-01	3.778461e-01	
3.642909e-01	-3.727258e-01	7.652279e-01	3.778809e-01	
3.640788e-01	-3.727005e-01	7.654262e-01	3.777085e-01	
3.642715e-01	-3.727319e-01	7.653077e-01	3.777319e-01	
3.644940e-01	-3.726349e-01	7.652846e-01	3.776597e-01	
3.645102e-01	-3.726359e-01	7.653369e-01	3.775371e-01	
3.642292e-01	-3.723838e-01	7.654936e-01	3.777393e-01	
3.641668e-01	-3.724334e-01	7.654838e-01	3.777702e-01	
3.639346e-01	-3.726341e-01	7.654699e-01	3.778244e-01	
3.640316e-01	-3.723604e-01	7.655337e-01	3.778715e-01	
3.641766e-01	-3.728711e-01	7.653817e-01	3.775359e-01	
3.641485e-01	-3.729089e-01	7.654347e-01	3.774183e-01	
3.643369e-01	-3.731220e-01	7.654401e-01	3.770147e-01	
3.641499e-01	-3.729534e-01	7.656281e-01	3.769803e-01	
3.644545e-01	-3.725574e-01	7.657422e-01	3.768457e-01	
3.646559e-01	-3.722006e-01	7.659091e-01	3.766644e-01	
3.646124e-01	-3.718673e-01	7.661753e-01	3.764943e-01	
3.649007e-01	-3.718791e-01	7.659576e-01	3.766462e-01	
3.648994e-01	-3.714950e-01	7.661337e-01	3.766684e-01	
3.648322e-01	-3.715063e-01	7.662484e-01	3.764890e-01	
3.649309e-01	-3.715033e-01	7.663451e-01	3.761994e-01	
3.649678e-01	-3.717188e-01	7.661984e-01	3.762495e-01	
3.651990e-01	-3.717504e-01	7.662411e-01	3.759067e-01	
3.653018e-01	-3.718034e-01	7.662132e-01	3.758114e-01	
3.654826e-01	-3.719187e-01	7.661412e-01	3.756681e-01	
3.653378e-01	-3.721092e-01	7.660935e-01	3.757177e-01	
3.652815e-01	-3.718169e-01	7.662882e-01	3.756649e-01	
3.654220e-01	-3.714107e-01	7.664647e-01	3.755698e-01	
3.654145e-01	-3.714584e-01	7.665698e-01	3.753155e-01	
3.653096e-01	-3.711777e-01	7.667645e-01	3.752975e-01	
3.654116e-01	-3.715553e-01	7.666872e-01	3.749824e-01	
3.652377e-01	-3.716609e-01	7.666702e-01	3.750819e-01	
3.651830e-01	-3.711552e-01	7.668738e-01	3.752195e-01	
3.650499e-01	-3.707948e-01	7.671722e-01	3.750954e-01	
3.651758e-01	-3.703627e-01	7.673455e-01	3.750453e-01	
3.650903e-01	-3.703797e-01	7.672955e-01	3.752139e-01	
3.654852e-01	-3.702423e-01	7.670294e-01	3.755092e-01	
3.655721e-01	-3.702184e-01	7.670349e-01	3.754369e-01	
3.655633e-01	-3.700667e-01	7.670679e-01	3.755275e-01	
3.654818e-01	-3.698000e-01	7.671151e-01	3.757732e-01	
3.655194e-01	-3.697799e-01	7.672585e-01	3.754633e-01	
3.656630e-01	-3.700329e-01	7.670401e-01	3.755205e-01	
3.656540e-01	-3.697389e-01	7.672797e-01	3.753293e-01	
3.658776e-01	-3.697065e-01	7.672162e-01	3.752731e-01	
3.659566e-01	-3.695906e-01	7.671599e-01	3.754253e-01	
3.656816e-01	-3.696279e-01	7.673444e-01	3.752796e-01	
3.659672e-01	-3.696068e-01	7.671389e-01	3.754422e-01	
3.659869e-01	-3.696264e-01	7.670217e-01	3.756430e-01	
3.662776e-01	-3.693594e-01	7.668925e-01	3.758860e-01	
3.663485e-01	-3.695770e-01	7.669319e-01	3.755224e-01	
3.665094e-01	-3.697828e-01	7.668087e-01	3.754143e-01	
3.664281e-01	-3.695838e-01	7.669126e-01	3.754774e-01	
3.663863e-01	-3.692858e-01	7.669246e-01	3.757869e-01	
3.663739e-01	-3.694869e-01	7.668047e-01	3.758458e-01	
3.665667e-01	-3.692156e-01	7.669222e-01	3.756848e-01	
3.665628e-01	-3.691926e-01	7.669891e-01	3.755745e-01	
3.667865e-01	-3.690683e-01	7.669146e-01	3.756305e-01	
3.667087e-01	-3.691870e-01	7.669929e-01	3.754298e-01	
3.665730e-01	-3.691881e-01	7.668922e-01	3.757668e-01	
3.665052e-01	-3.693783e-01	7.667407e-01	3.759553e-01	
3.663601e-01	-3.693275e-01	7.668288e-01	3.759669e-01	
3.664276e-01	-3.693960e-01	7.668789e-01	3.757314e-01	
3.662033e-01	-3.693688e-01	7.669814e-01	3.757677e-01	
3.662441e-01	-3.697754e-01	7.668111e-01	3.756756e-01	
3.660169e-01	-3.695957e-01	7.671493e-01	3.753834e-01	
3.661026e-01	-3.689805e-01	7.673455e-01	3.755039e-01	
3.661873e-01	-3.686822e-01	7.674878e-01	3.754235e-01	
3.660448e-01	-3.685603e-01	7.676952e-01	3.752582e-01	
3.660291e-01	-3.683338e-01	7.678397e-01	3.752000e-01	
3.662027e-01	-3.680809e-01	7.678783e-01	3.752000e-01	
3.660903e-01	-3.681392e-01	7.679169e-01	3.751734e-01	
3.660383e-01	-3.683581e-01	7.678724e-01	3.751003e-01	
3.661241e-01	-3.681786e-01	7.679488e-01	3.750363e-01	
3.658576e-01	-3.683475e-01	7.679140e-01	3.752018e-01	
3.661615e-01	-3.683298e-01	7.677792e-01	3.751987e-01	
3.662455e-01	-3.681570e-01	7.676374e-01	3.755763e-01	
3.662352e-01	-3.687098e-01	7.674795e-01	3.753667e-01	
3.662013e-01	-3.685251e-01	7.676823e-01	3.751662e-01	
3.663243e-01	-3.685458e-01	7.677103e-01	3.749686e-01	
3.663869e-01	-3.683295e-01	7.675886e-01	3.753689e-01	
3.663956e-01	-3.680915e-01	7.674788e-01	3.758180e-01	
3.664414e-01	-3.678449e-01	7.675583e-01	3.758525e-01	
3.664802e-01	-3.677762e-01	7.675651e-01	3.758678e-01	
3.660267e-01	-3.678386e-01	7.678280e-01	3.757119e-01	
3.659597e-01	-3.677659e-01	7.679530e-01	3.755928e-01	
3.660875e-01	-3.677630e-01	7.679324e-01	3.755131e-01	
3.662364e-01	-3.676039e-01	7.678698e-01	3.756517e-01	
3.662644e-01	-3.675673e-01	7.679567e-01	3.754825e-01	
3.662778e-01	-3.673355e-01	7.681098e-01	3.753832e-01	
3.663064e-01	-3.671696e-01	7.682194e-01	3.752933e-01	
3.661236e-01	-3.672872e-01	7.683806e-01	3.750264e-01	
3.663760e-01	-3.670308e-01	7.684870e-01	3.748130e-01	
3.660662e-01	-3.670763e-01	7.686603e-01	3.747158e-01	
3.659593e-01	-3.667228e-01	7.689588e-01	3.745538e-01	
3.657891e-01	-3.668834e-01	7.690636e-01	3.743476e-01	
3.656174e-01	-3.671475e-01	7.689255e-01	3.745400e-01	
3.655121e-01	-3.674239e-01	7.689291e-01	3.743642e-01	
3.653827e-01	-3.675595e-01	7.691026e-01	3.740009e-01	
3.649240e-01	-3.677076e-01	7.694057e-01	3.736795e-01	
3.649339e-01	-3.678443e-01	7.694652e-01	3.734128e-01	
3.647614e-01	-3.678792e-01	7.695250e-01	3.734238e-01	
3.649425e-01	-3.674100e-01	7.696564e-01	3.734379e-01	
3.650178e-01	-3.674029e-01	7.696723e-01	3.733386e-01	
3.651352e-01	-3.673424e-01	7.697575e-01	3.731075e-01	
3.648490e-01	-3.674055e-01	7.698996e-01	3.730322e-01	
3.648590e-01	-3.670714e-01	7.700844e-01	3.729699e-01	
3.642718e-01	-3.673652e-01	7.702708e-01	3.728697e-01	
3.642908e-01	-3.676955e-01	7.701475e-01	3.727801e-01	
3.641038e-01	-3.676924e-01	7.700943e-01	3.730757e-01	
3.640626e-01	-3.675764e-01	7.702004e-01	3.730113e-01	
3.642937e-01	-3.675318e-01	7.701934e-01	3.728438e-01	
3.640731e-01	-3.676823e-01	7.702096e-01	3.728776e-01	
3.640318e-01	-3.678115e-01	7.701837e-01	3.728439e-01	
3.636534e-01	-3.678910e-01	7.702871e-01	3.729212e-01	
3.634393e-01	-3.679307e-01	7.703821e-01	3.728944e-01	
3.632742e-01	-3.679104e-01	7.705308e-01	3.727682e-01	
3.633373e-01	-3.679793e-01	7.704129e-01	3.728823e-01	
3.633884e-01	-3.680940e-01	7.703917e-01	3.727631e-01	
3.635309e-01	-3.679267e-01	7.702256e-01	3.731323e-01	
3.635964e-01	-3.681578e-01	7.700433e-01	3.732168e-01	
3.634962e-01	-3.681377e-01	7.701835e-01	3.730448e-01	
3.633685e-01	-3.681226e-01	7.701783e-01	3.731951e-01	
3.637082e-01	-3.678124e-01	7.702141e-01	3.730960e-01	
3.635484e-01	-3.681526e-01	7.699891e-01	3.733806e-01	
3.634178e-01	-3.679763e-01	7.701826e-01	3.732824e-01	
3.631207e-01	-3.680602e-01	7.703007e-01	3.732452e-01	
3.627991e-01	-3.682807e-01	7.702327e-01	3.734804e-01	
3.627067e-01	-3.684514e-01	7.702940e-01	3.732755e-01	
3.627405e-01	-3.682752e-01	7.705031e-01	3.729848e-01	
3.633288e-01	-3.680759e-01	7.702020e-01	3.732307e-01	
3.630831e-01	-3.679096e-01	7.702658e-01	3.735021e-01	
3.631228e-01	-3.679249e-01	7.702789e-01	3.734213e-01	
3.632630e-01	-3.677313e-01	7.703692e-01	3.732894e-01	
3.633859e-01	-3.676623e-01	7.703336e-01	3.733111e-01	
3.635871e-01	-3.677085e-01	7.702689e-01	3.732032e-01	
3.637231e-01	-3.676894e-01	7.701599e-01	3.733146e-01	
3.635623e-01	-3.677017e-01	7.703233e-01	3.731219e-01	
3.634437e-01	-3.676659e-01	7.702424e-01	3.734396e-01	
3.637532e-01	-3.674277e-01	7.702818e-01	3.732914e-01	
3.638143e-01	-3.673381e-01	7.704325e-01	3.730089e-01	
3.637565e-01	-3.674709e-01	7.705678e-01	3.726549e-01	
3.634234e-01	-3.672436e-01	7.709572e-01	3.723983e-01	
3.632648e-01	-3.670779e-01	7.711667e-01	3.722826e-01	
3.629279e-01	-3.672067e-01	7.712451e-01	3.723218e-01	
3.628839e-01	-3.674867e-01	7.712068e-01	3.721678e-01	
3.631451e-01	-3.674928e-01	7.711659e-01	3.719917e-01	
3.629925e-01	-3.676785e-01	7.712101e-01	3.718655e-01	
3.628655e-01	-3.670611e-01	7.715296e-01	3.719367e-01	
3.627485e-01	-3.673459e-01	7.714049e-01	3.720281e-01	
3.629343e-01	-3.672850e-01	7.713542e-01	3.720122e-01	
3.630369e-01	-3.673027e-01	7.713139e-01	3.719782e-01	
3.633208e-01	-3.671660e-01	7.713213e-01	3.718206e-01	
3.635081e-01	-3.671520e-01	7.712215e-01	3.718584e-01	
3.632593e-01	-3.670589e-01	7.715149e-01	3.715847e-01	
3.632587e-01	-3.670054e-01	7.714810e-01	3.717084e-01	
3.633633e-01	-3.669508e-01	7.715486e-01	3.715198e-01	
3.634328e-01	-3.671642e-01	7.715505e-01	3.712369e-01	
3.634833e-01	-3.673443e-01	7.714784e-01	3.711593e-01	
3.633301e-01	-3.673563e-01	7.715118e-01	3.712278e-01	
3.631346e-01	-3.673531e-01	7.715247e-01	3.713954e-01	
3.631776e-01	-3.669819e-01	7.716660e-01	3.714268e-01	
3.630769e-01	-3.669481e-01	7.717261e-01	3.714339e-01	
3.629470e-01	-3.663106e-01	7.720452e-01	3.715269e-01	
3.630612e-01	-3.664210e-01	7.719554e-01	3.714930e-01	
3.631407e-01	-3.663246e-01	7.720452e-01	3.713236e-01	
3.631637e-01	-3.664300e-01	7.720497e-01	3.711879e-01	
3.630511e-01	-3.665062e-01	7.721212e-01	3.710740e-01	
3.630841e-01	-3.666006e-01	7.721748e-01	3.708369e-01	
3.630858e-01	-3.665599e-01	7.722959e-01	3.706232e-01	
3.630872e-01	-3.665967e-01	7.723247e-01	3.705253e-01	
3.628861e-01	-3.663899e-01	7.724936e-01	3.705749e-01	
3.631092e-01	-3.663154e-01	7.724930e-01	3.704312e-01	
3.630177e-01	-3.664205e-01	7.724208e-01	3.705675e-01	
3.630028e-01	-3.662830e-01	7.725543e-01	3.704396e-01	
3.628890e-01	-3.663676e-01	7.724284e-01	3.707300e-01	
3.632951e-01	-3.661924e-01	7.723534e-01	3.706615e-01	
3.629900e-01	-3.660739e-01	7.724894e-01	3.707940e-01	
3.628166e-01	-3.660779e-01	7.725541e-01	3.708250e-01	
3.626758e-01	-3.662178e-01	7.726098e-01	3.707087e-01	
3.625620e-01	-3.663244e-01	7.727060e-01	3.705140e-01	
3.628486e-01	-3.663037e-01	7.726295e-01	3.704135e-01	
3.626683e-01	-3.659834e-01	7.728864e-01	3.703708e-01	
3.624759e-01	-3.657204e-01	7.731082e-01	3.703559e-01	
3.620654e-01	-3.658070e-01	7.731726e-01	3.705374e-01	
3.614774e-01	-3.657694e-01	7.734306e-01	3.706103e-01	
3.615235e-01	-3.657594e-01	7.734384e-01	3.705588e-01	
3.612378e-01	-3.659960e-01	7.735162e-01	3.704414e-01	
3.615476e-01	-3.659871e-01	7.735725e-01	3.700304e-01	
3.618173e-01	-3.657192e-01	7.734614e-01	3.702636e-01	
3.623224e-01	-3.654325e-01	7.735914e-01	3.697810e-01	
3.621853e-01	-3.651638e-01	7.737652e-01	3.698170e-01	
3.618868e-01	-3.647939e-01	7.740912e-01	3.697921e-01	
3.618749e-01	-3.651497e-01	7.740478e-01	3.695434e-01	
3.617362e-01	-3.649681e-01	7.741534e-01	3.696372e-01	
3.616063e-01	-3.654851e-01	7.740827e-01	3.694017e-01	
3.610522e-01	-3.656809e-01	7.743309e-01	3.692295e-01	
3.608959e-01	-3.660061e-01	7.744099e-01	3.688944e-01	
3.609250e-01	-3.658761e-01	7.745898e-01	3.686170e-01	
3.609831e-01	-3.661471e-01	7.745297e-01	3.684173e-01	
3.614419e-01	-3.662302e-01	7.743623e-01	3.682368e-01	
3.613877e-01	-3.662987e-01	7.743984e-01	3.681458e-01	
3.612857e-01	-3.662904e-01	7.743113e-01	3.684372e-01	
3.617578e-01	-3.661165e-01	7.743657e-01	3.680323e-01	
3.616883e-01	-3.661421e-01	7.742673e-01	3.682821e-01	
3.614777e-01	-3.662366e-01	7.743377e-01	3.682469e-01	
3.614769e-01	-3.659347e-01	7.746377e-01	3.679167e-01	
3.613452e-01	-3.660580e-01	7.747334e-01	3.677219e-01	
3.612078e-01	-3.660013e-01	7.748347e-01	3.676997e-01	
3.616225e-01	-3.658908e-01	7.748369e-01	3.673973e-01	
3.618911e-01	-3.656769e-01	7.749206e-01	3.671692e-01	
3.619617e-01	-3.654841e-01	7.748730e-01	3.673920e-01	
3.621553e-01	-3.653103e-01	7.749463e-01	3.672195e-01	
3.617572e-01	-3.652136e-01	7.751603e-01	3.672564e-01	
3.618552e-01	-3.650391e-01	7.753195e-01	3.669972e-01	
3.620283e-01	-3.649642e-01	7.750868e-01	3.673924e-01	
3.616666e-01	-3.651353e-01	7.751642e-01	3.674153e-01	
3.616546e-01	-3.648513e-01	7.752576e-01	3.675121e-01	
3.615924e-01	-3.646754e-01	7.752365e-01	3.677922e-01	
3.614166e-01	-3.648726e-01	7.752070e-01	3.678316e-01	
3.614145e-01	-3.645379e-01	7.754946e-01	3.675592e-01	
3.614080e-01	-3.647798e-01	7.755458e-01	3.672175e-01	
3.612342e-01	-3.648399e-01	7.757119e-01	3.669778e-01	
3.610345e-01	-3.652439e-01	7.755657e-01	3.670815e-01	
