0.578270 	 -0.632796 	 0.511008 
0.643717 	 -0.622239 	 0.484197 
0.573509 	 -0.614823 	 0.512202 
0.575751 	 -0.643805 	 0.493134 
0.567167 	 -0.648726 	 0.458319 
0.616329 	 -0.568364 	 0.531016 
0.648432 	 -0.635324 	 0.480986 
0.560612 	 -0.597710 	 0.521502 
0.604832 	 -0.697816 	 0.532113 
0.631224 	 -0.636130 	 0.473701 
0.579530 	 -0.611250 	 0.493648 
0.575317 	 -0.675096 	 0.509953 
0.557771 	 -0.670219 	 0.495847 
0.635649 	 -0.632742 	 0.524422 
0.581672 	 -0.645970 	 0.468914 
0.625263 	 -0.632343 	 0.547421 
0.658504 	 -0.600478 	 0.516005 
0.623302 	 -0.605724 	 0.525562 
0.592409 	 -0.618818 	 0.589221 
0.574925 	 -0.610229 	 0.524078 
0.548428 	 -0.622436 	 0.525078 
0.561702 	 -0.549907 	 0.466526 
0.566633 	 -0.629525 	 0.572023 
0.606614 	 -0.642590 	 0.514380 
0.553368 	 -0.617626 	 0.511671 
0.600641 	 -0.596667 	 0.495931 
0.541032 	 -0.633306 	 0.556817 
0.585571 	 -0.610082 	 0.524073 
0.599211 	 -0.614912 	 0.560696 
0.589220 	 -0.630825 	 0.492369 
0.576986 	 -0.588313 	 0.462754 
0.600352 	 -0.612793 	 0.525796 
0.630172 	 -0.654328 	 0.503261 
0.583874 	 -0.617034 	 0.493314 
0.593565 	 -0.636244 	 0.547420 
0.634604 	 -0.674925 	 0.509298 
0.554589 	 -0.689308 	 0.511524 
0.525290 	 -0.624773 	 0.545143 
0.577659 	 -0.626105 	 0.509908 
0.668130 	 -0.615005 	 0.511672 
0.579987 	 -0.630987 	 0.506024 
0.605434 	 -0.628472 	 0.543828 
0.570667 	 -0.632979 	 0.556804 
0.621600 	 -0.637402 	 0.548376 
0.582110 	 -0.623350 	 0.444530 
0.598654 	 -0.614958 	 0.523275 
0.636546 	 -0.650778 	 0.533090 
0.595113 	 -0.599867 	 0.532363 
0.630423 	 -0.653310 	 0.521980 
0.579088 	 -0.594393 	 0.451503 
0.590082 	 -0.613225 	 0.552009 
0.633587 	 -0.610256 	 0.544686 
0.598556 	 -0.563154 	 0.521786 
0.581380 	 -0.626305 	 0.495532 
0.554459 	 -0.645252 	 0.505178 
0.568468 	 -0.595919 	 0.514115 
0.569528 	 -0.620314 	 0.519874 
0.622186 	 -0.608488 	 0.526209 
0.539013 	 -0.585633 	 0.460431 
0.541799 	 -0.633211 	 0.480281 
0.607481 	 -0.653327 	 0.490925 
0.622712 	 -0.600582 	 0.534920 
0.590016 	 -0.609508 	 0.489629 
0.567408 	 -0.645246 	 0.519754 
0.566315 	 -0.594028 	 0.535541 
0.620108 	 -0.626025 	 0.474707 
0.610929 	 -0.626450 	 0.490853 
0.529809 	 -0.620911 	 0.525876 
0.563829 	 -0.647055 	 0.568085 
0.602370 	 -0.605080 	 0.460571 
0.544403 	 -0.617368 	 0.474335 
0.591676 	 -0.600776 	 0.552292 
0.594937 	 -0.634177 	 0.565282 
0.566030 	 -0.603627 	 0.497515 
0.550932 	 -0.646280 	 0.583001 
0.613452 	 -0.616744 	 0.543697 
0.554906 	 -0.611358 	 0.519521 
0.589148 	 -0.598493 	 0.550448 
0.650849 	 -0.593754 	 0.518454 
0.601061 	 -0.635871 	 0.463740 
0.580532 	 -0.658635 	 0.519734 
0.581748 	 -0.648786 	 0.534319 
0.597730 	 -0.599322 	 0.507190 
0.594700 	 -0.631609 	 0.524053 
0.574467 	 -0.559941 	 0.510324 
0.584595 	 -0.571686 	 0.572466 
0.586100 	 -0.667360 	 0.536290 
0.600074 	 -0.626363 	 0.493301 
0.567104 	 -0.634760 	 0.495701 
0.562364 	 -0.602547 	 0.507788 
0.597161 	 -0.667347 	 0.496666 
0.558708 	 -0.599891 	 0.497665 
0.590887 	 -0.610113 	 0.519069 
0.557049 	 -0.636852 	 0.501466 
0.550777 	 -0.572404 	 0.440394 
0.624875 	 -0.659549 	 0.476478 
0.597382 	 -0.582614 	 0.515285 
0.553136 	 -0.582570 	 0.513505 
0.586946 	 -0.631276 	 0.567685 
0.592535 	 -0.623919 	 0.493964 
0.601510 	 -0.611100 	 0.511051 
0.575237 	 -0.608159 	 0.478384 
0.589129 	 -0.661308 	 0.496770 
0.587750 	 -0.609620 	 0.508364 
0.584737 	 -0.590892 	 0.442641 
0.577449 	 -0.556611 	 0.459135 
0.613022 	 -0.564399 	 0.516480 
0.620973 	 -0.556813 	 0.542467 
0.565678 	 -0.631597 	 0.495748 
0.583079 	 -0.666236 	 0.476255 
0.577951 	 -0.625960 	 0.526997 
0.565273 	 -0.583930 	 0.537585 
0.564091 	 -0.591277 	 0.473432 
0.606741 	 -0.618863 	 0.483495 
0.529474 	 -0.642190 	 0.524477 
0.560792 	 -0.620351 	 0.495151 
0.566824 	 -0.654792 	 0.499132 
0.585480 	 -0.603943 	 0.528789 
0.604495 	 -0.636946 	 0.549394 
0.647332 	 -0.563946 	 0.525053 
0.576066 	 -0.604516 	 0.498831 
0.644524 	 -0.602487 	 0.505147 
0.651163 	 -0.608191 	 0.511829 
0.630966 	 -0.664615 	 0.536145 
0.639418 	 -0.624991 	 0.512388 
0.593635 	 -0.646029 	 0.525160 
0.555398 	 -0.589432 	 0.483436 
0.558618 	 -0.643667 	 0.488330 
0.618094 	 -0.595801 	 0.476129 
0.531366 	 -0.608318 	 0.515221 
0.579813 	 -0.613808 	 0.511328 
0.562187 	 -0.645690 	 0.528341 
0.622792 	 -0.659305 	 0.579902 
0.553121 	 -0.629356 	 0.498855 
0.565234 	 -0.597857 	 0.486489 
0.614209 	 -0.595455 	 0.521752 
0.601891 	 -0.600307 	 0.482954 
0.559138 	 -0.610992 	 0.491298 
0.592814 	 -0.616533 	 0.465469 
0.591639 	 -0.591428 	 0.573689 
0.626399 	 -0.595746 	 0.535096 
0.572032 	 -0.686839 	 0.535846 
0.605268 	 -0.575312 	 0.495167 
0.636761 	 -0.624312 	 0.539822 
0.626150 	 -0.653119 	 0.511293 
0.609741 	 -0.644198 	 0.570873 
0.576441 	 -0.668356 	 0.505904 
0.579248 	 -0.594288 	 0.530786 
0.575563 	 -0.619568 	 0.424314 
0.586650 	 -0.664780 	 0.546258 
0.562962 	 -0.638265 	 0.491472 
0.581826 	 -0.646927 	 0.518291 
0.609135 	 -0.653990 	 0.550010 
0.619036 	 -0.627625 	 0.519318 
0.562713 	 -0.596147 	 0.519012 
0.573551 	 -0.671323 	 0.522833 
0.632206 	 -0.609609 	 0.494133 
0.599011 	 -0.595292 	 0.481258 
0.577743 	 -0.597654 	 0.466501 
0.609072 	 -0.643495 	 0.543645 
0.593190 	 -0.580910 	 0.493850 
0.558446 	 -0.606265 	 0.529918 
0.549892 	 -0.603626 	 0.453786 
0.549088 	 -0.677690 	 0.507158 
0.618342 	 -0.615314 	 0.522579 
0.568218 	 -0.616310 	 0.504541 
0.621190 	 -0.588240 	 0.499077 
0.554439 	 -0.639100 	 0.539703 
0.553030 	 -0.659265 	 0.480466 
0.552074 	 -0.602130 	 0.504788 
0.587129 	 -0.648287 	 0.510833 
0.597434 	 -0.655260 	 0.423028 
0.624747 	 -0.622122 	 0.512468 
0.570779 	 -0.639592 	 0.590674 
0.589995 	 -0.661904 	 0.518898 
0.664794 	 -0.666108 	 0.474283 
0.619078 	 -0.625644 	 0.516005 
0.598088 	 -0.667155 	 0.530230 
0.619190 	 -0.664654 	 0.474342 
0.570184 	 -0.627045 	 0.517375 
0.554088 	 -0.620181 	 0.489422 
0.656899 	 -0.581954 	 0.515216 
0.549751 	 -0.661448 	 0.474822 
0.619714 	 -0.620866 	 0.492366 
0.587015 	 -0.647786 	 0.477050 
0.582692 	 -0.623562 	 0.578449 
0.650311 	 -0.609334 	 0.501219 
0.611117 	 -0.623134 	 0.530436 
0.501892 	 -0.607140 	 0.535836 
0.602448 	 -0.621848 	 0.539075 
0.542791 	 -0.602769 	 0.485535 
0.586480 	 -0.580653 	 0.541004 
0.594293 	 -0.661669 	 0.531426 
0.614375 	 -0.649652 	 0.508164 
0.621685 	 -0.624920 	 0.556067 
0.564368 	 -0.632973 	 0.481968 
0.571169 	 -0.640140 	 0.508412 
0.650971 	 -0.602048 	 0.478441 
0.649040 	 -0.637546 	 0.580744 
0.605319 	 -0.638061 	 0.524369 
0.645389 	 -0.592170 	 0.550412 
0.609438 	 -0.637168 	 0.531812 
0.573846 	 -0.671485 	 0.509618 
0.629738 	 -0.615004 	 0.517405 
0.591974 	 -0.574583 	 0.513214 
0.633654 	 -0.585196 	 0.476640 
0.612634 	 -0.669561 	 0.529884 
0.598276 	 -0.647445 	 0.562434 
0.609341 	 -0.639340 	 0.468106 
0.612587 	 -0.634177 	 0.469749 
0.613035 	 -0.553000 	 0.487711 
0.627821 	 -0.568966 	 0.530933 
0.588147 	 -0.629166 	 0.532613 
0.577064 	 -0.617503 	 0.492028 
0.577880 	 -0.609475 	 0.471067 
0.651713 	 -0.615197 	 0.573252 
0.551294 	 -0.652695 	 0.579944 
0.607457 	 -0.601856 	 0.506972 
0.559618 	 -0.649262 	 0.497305 
0.541426 	 -0.653694 	 0.467044 
0.580371 	 -0.627490 	 0.487311 
0.637473 	 -0.605728 	 0.514762 
0.627417 	 -0.625160 	 0.471300 
0.610413 	 -0.594234 	 0.505368 
0.571663 	 -0.624631 	 0.565456 
0.568522 	 -0.677148 	 0.485572 
0.533531 	 -0.626419 	 0.559677 
0.627339 	 -0.638375 	 0.518069 
0.578495 	 -0.658400 	 0.495515 
0.575678 	 -0.601212 	 0.549281 
0.558224 	 -0.645785 	 0.533879 
0.619374 	 -0.617007 	 0.543200 
0.619389 	 -0.572334 	 0.496452 
0.577734 	 -0.645637 	 0.459937 
0.634294 	 -0.606542 	 0.502687 
0.600148 	 -0.658011 	 0.517530 
0.586050 	 -0.609952 	 0.524050 
0.632951 	 -0.638366 	 0.486069 
0.565690 	 -0.595247 	 0.509382 
0.598244 	 -0.615476 	 0.508774 
0.558630 	 -0.608918 	 0.511728 
0.550124 	 -0.612263 	 0.505079 
0.577487 	 -0.663420 	 0.514774 
0.562251 	 -0.605030 	 0.504135 
0.541152 	 -0.640437 	 0.572510 
0.554864 	 -0.579769 	 0.575394 
0.617854 	 -0.622931 	 0.508717 
0.620256 	 -0.617774 	 0.523773 
0.552195 	 -0.638119 	 0.490053 
0.622502 	 -0.618007 	 0.527078 
0.636572 	 -0.618870 	 0.481546 
0.564197 	 -0.593248 	 0.532273 
0.601664 	 -0.588512 	 0.536300 
0.579740 	 -0.630957 	 0.493695 
0.593008 	 -0.647748 	 0.534228 
0.617548 	 -0.582750 	 0.522525 
0.600231 	 -0.638637 	 0.532706 
0.574243 	 -0.612934 	 0.583350 
0.564652 	 -0.631622 	 0.484139 
0.560276 	 -0.614246 	 0.532514 
0.602875 	 -0.609032 	 0.510547 
0.569745 	 -0.604190 	 0.568053 
0.570674 	 -0.678326 	 0.534736 
0.583807 	 -0.622564 	 0.510222 
0.637241 	 -0.623718 	 0.549477 
0.567425 	 -0.621983 	 0.503457 
0.629138 	 -0.619812 	 0.440738 
0.615287 	 -0.616383 	 0.512779 
0.550311 	 -0.624536 	 0.521911 
0.584770 	 -0.655002 	 0.546290 
0.557107 	 -0.620027 	 0.469293 
0.575734 	 -0.623167 	 0.474280 
0.587017 	 -0.678654 	 0.521924 
0.610501 	 -0.629418 	 0.480939 
0.561398 	 -0.592085 	 0.470504 
0.578100 	 -0.630607 	 0.504843 
0.639786 	 -0.610433 	 0.454018 
0.537223 	 -0.599094 	 0.488756 
0.550200 	 -0.612017 	 0.485897 
0.583625 	 -0.622459 	 0.510022 
0.606419 	 -0.642852 	 0.483484 
0.603011 	 -0.642002 	 0.520994 
0.569310 	 -0.625001 	 0.534884 
0.541754 	 -0.619095 	 0.484267 
0.550123 	 -0.668858 	 0.506165 
0.599899 	 -0.594576 	 0.508842 
0.574128 	 -0.606430 	 0.543088 
0.591410 	 -0.662955 	 0.554314 
0.651856 	 -0.612056 	 0.503701 
0.616721 	 -0.622611 	 0.542729 
0.583482 	 -0.593291 	 0.507060 
0.567688 	 -0.578527 	 0.527676 
0.562447 	 -0.680505 	 0.486579 
0.620602 	 -0.656355 	 0.576883 
0.594671 	 -0.622423 	 0.568009 
0.647962 	 -0.683881 	 0.551959 
0.603767 	 -0.609124 	 0.544283 
0.581181 	 -0.621278 	 0.528124 
0.617621 	 -0.582450 	 0.482034 
0.557831 	 -0.600741 	 0.548349 
0.587983 	 -0.640980 	 0.516965 
0.634968 	 -0.594894 	 0.462777 
0.539982 	 -0.685766 	 0.500515 
0.640208 	 -0.610753 	 0.528687 
0.658701 	 -0.597515 	 0.490729 
0.611677 	 -0.612547 	 0.532657 
0.618469 	 -0.640003 	 0.527230 
0.582871 	 -0.617396 	 0.561771 
0.594677 	 -0.635560 	 0.521821 
0.588186 	 -0.580719 	 0.516897 
0.619846 	 -0.629568 	 0.500782 
0.612733 	 -0.631000 	 0.510089 
0.561789 	 -0.647006 	 0.522516 
0.606859 	 -0.605458 	 0.543389 
0.606281 	 -0.632370 	 0.509376 
0.602758 	 -0.582702 	 0.440250 
0.620420 	 -0.633948 	 0.558642 
0.619261 	 -0.625254 	 0.537385 
0.606669 	 -0.632431 	 0.518700 
0.542233 	 -0.630534 	 0.519228 
0.573839 	 -0.583210 	 0.547376 
0.572260 	 -0.651505 	 0.507624 
0.601384 	 -0.607335 	 0.534803 
0.588507 	 -0.610491 	 0.514179 
0.579064 	 -0.600560 	 0.492478 
0.612985 	 -0.645578 	 0.518578 
0.587912 	 -0.650517 	 0.512647 
0.606951 	 -0.597472 	 0.526697 
0.590672 	 -0.609562 	 0.518384 
0.586980 	 -0.630661 	 0.475500 
0.621666 	 -0.675655 	 0.484351 
0.578586 	 -0.632706 	 0.533507 
0.593063 	 -0.617104 	 0.508165 
0.610240 	 -0.620953 	 0.479677 
0.610788 	 -0.616537 	 0.532732 
0.610188 	 -0.623955 	 0.479023 
0.550702 	 -0.669355 	 0.486176 
0.645497 	 -0.617421 	 0.531985 
0.589022 	 -0.613367 	 0.472228 
0.627153 	 -0.686638 	 0.504731 
0.588119 	 -0.640825 	 0.543953 
0.570648 	 -0.592486 	 0.505250 
0.631454 	 -0.616398 	 0.448182 
0.532994 	 -0.643377 	 0.481314 
0.587225 	 -0.608826 	 0.453753 
0.615992 	 -0.597517 	 0.502344 
0.664836 	 -0.631205 	 0.478536 
0.596252 	 -0.661586 	 0.552927 
0.585172 	 -0.639990 	 0.499782 
0.619935 	 -0.567707 	 0.531475 
0.581315 	 -0.643494 	 0.522917 
0.597017 	 -0.615912 	 0.489366 
0.598344 	 -0.665913 	 0.473787 
0.572745 	 -0.597873 	 0.573571 
0.552908 	 -0.584223 	 0.522974 
0.574501 	 -0.570409 	 0.511857 
0.608012 	 -0.583719 	 0.516074 
0.580163 	 -0.643524 	 0.475458 
0.577632 	 -0.688917 	 0.546052 
0.574820 	 -0.648286 	 0.487786 
0.607552 	 -0.715409 	 0.546429 
0.595604 	 -0.683740 	 0.549652 
0.614558 	 -0.568492 	 0.483665 
0.579239 	 -0.631432 	 0.519176 
0.604540 	 -0.613202 	 0.542938 
0.612907 	 -0.651592 	 0.497436 
0.599004 	 -0.577417 	 0.507293 
0.643042 	 -0.652518 	 0.502664 
0.607030 	 -0.643967 	 0.534949 
0.552307 	 -0.624551 	 0.490780 
0.595804 	 -0.608843 	 0.465355 
0.602108 	 -0.636764 	 0.564803 
0.581298 	 -0.612684 	 0.489748 
0.602823 	 -0.662145 	 0.489676 
0.572753 	 -0.673224 	 0.528462 
0.578501 	 -0.670607 	 0.528199 
0.587708 	 -0.591228 	 0.500030 
0.627952 	 -0.652491 	 0.503076 
0.564945 	 -0.629802 	 0.487477 
0.600387 	 -0.667784 	 0.512700 
0.612644 	 -0.666699 	 0.540511 
0.601967 	 -0.622924 	 0.511811 
0.520300 	 -0.630814 	 0.511660 
0.584564 	 -0.661302 	 0.517919 
0.598426 	 -0.662162 	 0.503790 
0.597358 	 -0.594819 	 0.510568 
0.595140 	 -0.667917 	 0.508342 
0.626208 	 -0.616286 	 0.472028 
0.606338 	 -0.634733 	 0.525415 
0.620956 	 -0.593823 	 0.527731 
0.581503 	 -0.616376 	 0.529340 
0.650245 	 -0.697109 	 0.518570 
0.652568 	 -0.638983 	 0.484661 
0.576479 	 -0.546364 	 0.533581 
0.621184 	 -0.649377 	 0.550707 
0.635775 	 -0.605370 	 0.560832 
0.616441 	 -0.631237 	 0.518389 
0.558928 	 -0.673946 	 0.540584 
0.580524 	 -0.586955 	 0.497119 
0.545658 	 -0.555134 	 0.493138 
0.589410 	 -0.628434 	 0.501668 
0.605735 	 -0.651968 	 0.538332 
0.633599 	 -0.681324 	 0.544846 
0.580573 	 -0.565307 	 0.547921 
0.671168 	 -0.653478 	 0.564452 
0.574975 	 -0.669895 	 0.524697 
0.640643 	 -0.660499 	 0.494772 
0.585499 	 -0.610815 	 0.513578 
0.529277 	 -0.577112 	 0.506501 
0.595984 	 -0.575472 	 0.548913 
0.608286 	 -0.642119 	 0.497767 
0.615727 	 -0.582718 	 0.531345 
0.592278 	 -0.680940 	 0.540544 
0.574935 	 -0.649590 	 0.473857 
0.661914 	 -0.641933 	 0.520898 
0.569903 	 -0.630425 	 0.556424 
0.619115 	 -0.649463 	 0.452135 
0.598709 	 -0.640408 	 0.443224 
0.539599 	 -0.648431 	 0.503001 
0.597030 	 -0.661223 	 0.494953 
0.620471 	 -0.615867 	 0.508720 
0.562714 	 -0.673798 	 0.530784 
0.499136 	 -0.620869 	 0.531888 
0.590042 	 -0.613436 	 0.498758 
0.570888 	 -0.667222 	 0.542550 
0.605009 	 -0.653100 	 0.508800 
0.561270 	 -0.636914 	 0.518890 
0.623751 	 -0.601047 	 0.571418 
0.541180 	 -0.570380 	 0.454269 
0.598317 	 -0.605328 	 0.528275 
0.561370 	 -0.623343 	 0.481091 
0.583117 	 -0.610278 	 0.512821 
0.590167 	 -0.586340 	 0.547547 
0.528751 	 -0.597544 	 0.452906 
0.588208 	 -0.604480 	 0.529384 
0.614499 	 -0.581142 	 0.520628 
0.552087 	 -0.629817 	 0.530715 
0.581413 	 -0.649479 	 0.531991 
0.588829 	 -0.652521 	 0.500196 
0.607672 	 -0.607899 	 0.528925 
0.559562 	 -0.621566 	 0.552714 
0.627647 	 -0.690784 	 0.491308 
0.549413 	 -0.631312 	 0.500317 
0.549601 	 -0.612994 	 0.500866 
0.552624 	 -0.647317 	 0.522328 
0.619375 	 -0.607340 	 0.532927 
0.597140 	 -0.571970 	 0.530047 
0.606841 	 -0.623027 	 0.503791 
0.591935 	 -0.629527 	 0.469306 
0.557888 	 -0.646661 	 0.515356 
0.593059 	 -0.568449 	 0.556208 
0.558501 	 -0.606867 	 0.494548 
0.539973 	 -0.669828 	 0.516589 
0.588603 	 -0.612337 	 0.487685 
0.572715 	 -0.703025 	 0.515018 
0.601026 	 -0.579870 	 0.524011 
0.546439 	 -0.673699 	 0.508506 
0.579374 	 -0.575419 	 0.515514 
0.551430 	 -0.593809 	 0.511311 
0.584003 	 -0.625440 	 0.492464 
0.604828 	 -0.622320 	 0.527507 
0.596996 	 -0.632800 	 0.521724 
0.578919 	 -0.592468 	 0.501188 
0.577753 	 -0.642061 	 0.581444 
0.604418 	 -0.621668 	 0.526695 
0.619762 	 -0.637287 	 0.517886 
0.621887 	 -0.616101 	 0.516675 
0.562442 	 -0.680513 	 0.546086 
0.602970 	 -0.660439 	 0.546081 
0.593670 	 -0.590480 	 0.595210 
0.586017 	 -0.587673 	 0.556836 
0.561929 	 -0.537113 	 0.489057 
0.553403 	 -0.643721 	 0.531735 
0.570974 	 -0.600267 	 0.454888 
0.596446 	 -0.551252 	 0.580154 
0.589850 	 -0.651643 	 0.506827 
0.589027 	 -0.632469 	 0.501905 
0.554455 	 -0.615770 	 0.517197 
0.544734 	 -0.575100 	 0.532859 
0.571807 	 -0.603538 	 0.532535 
0.564668 	 -0.625216 	 0.526432 
0.621076 	 -0.668831 	 0.518194 
0.594655 	 -0.594161 	 0.569377 
0.637394 	 -0.616202 	 0.518557 
0.563780 	 -0.587971 	 0.530146 
0.564783 	 -0.595127 	 0.485875 
0.602474 	 -0.639403 	 0.528607 
0.563255 	 -0.630793 	 0.518800 
0.603200 	 -0.681594 	 0.589905 
0.553819 	 -0.580937 	 0.535999 
0.559979 	 -0.642335 	 0.518827 
0.570449 	 -0.599527 	 0.543804 
0.575413 	 -0.634019 	 0.521580 
0.618626 	 -0.601050 	 0.538840 
0.572202 	 -0.655978 	 0.487952 
0.609099 	 -0.613182 	 0.545706 
0.638796 	 -0.609445 	 0.543228 
0.562513 	 -0.582994 	 0.557522 
0.608716 	 -0.636700 	 0.510670 
0.554213 	 -0.610683 	 0.505619 
0.551696 	 -0.659326 	 0.532051 
0.573851 	 -0.619628 	 0.533921 
0.585791 	 -0.667200 	 0.498020 
0.633573 	 -0.664675 	 0.514903 
0.565153 	 -0.631806 	 0.483519 
0.497733 	 -0.631764 	 0.491885 
0.594683 	 -0.622746 	 0.516730 
0.585293 	 -0.621874 	 0.524190 
0.587444 	 -0.690776 	 0.500199 
0.575926 	 -0.594059 	 0.545381 
0.568780 	 -0.573255 	 0.483243 
0.578491 	 -0.627305 	 0.491265 
0.559324 	 -0.607727 	 0.519415 
0.526619 	 -0.598079 	 0.545685 
0.633168 	 -0.657826 	 0.466524 
0.549764 	 -0.615254 	 0.535356 
0.518078 	 -0.626183 	 0.574569 
0.599455 	 -0.580345 	 0.517420 
0.578183 	 -0.615269 	 0.538321 
0.599631 	 -0.658721 	 0.550588 
0.565555 	 -0.664237 	 0.552363 
0.537592 	 -0.596985 	 0.532548 
0.585157 	 -0.648807 	 0.512913 
0.551269 	 -0.637729 	 0.511149 
0.579343 	 -0.579054 	 0.514959 
0.536724 	 -0.638155 	 0.519764 
0.578492 	 -0.586485 	 0.515945 
0.586166 	 -0.556249 	 0.525477 
0.590425 	 -0.609892 	 0.530393 
0.554030 	 -0.628791 	 0.569550 
0.538548 	 -0.654019 	 0.507234 
0.630570 	 -0.611327 	 0.552556 
0.562712 	 -0.698642 	 0.479457 
0.615838 	 -0.639790 	 0.495746 
0.572027 	 -0.600657 	 0.557002 
0.554115 	 -0.597595 	 0.558799 
0.608007 	 -0.628616 	 0.536374 
0.552289 	 -0.631079 	 0.502423 
0.566072 	 -0.655431 	 0.514238 
0.579528 	 -0.575030 	 0.529844 
0.629845 	 -0.589668 	 0.497676 
0.600897 	 -0.661674 	 0.496526 
0.550892 	 -0.635589 	 0.539575 
0.577140 	 -0.600579 	 0.550322 
0.553284 	 -0.629569 	 0.513267 
0.589194 	 -0.637176 	 0.536276 
0.609587 	 -0.621070 	 0.557849 
0.601819 	 -0.593333 	 0.513903 
0.593866 	 -0.634358 	 0.484735 
0.549170 	 -0.632242 	 0.501230 
0.590985 	 -0.636874 	 0.481479 
0.575400 	 -0.586707 	 0.523957 
0.614728 	 -0.650765 	 0.540030 
0.571762 	 -0.622968 	 0.503901 
0.624477 	 -0.639787 	 0.527389 
0.627526 	 -0.691019 	 0.527598 
0.623998 	 -0.622902 	 0.517601 
0.581518 	 -0.606604 	 0.549956 
0.553223 	 -0.577620 	 0.550497 
0.506804 	 -0.605653 	 0.465324 
0.541214 	 -0.614815 	 0.491351 
0.628929 	 -0.638561 	 0.548966 
0.582128 	 -0.589408 	 0.515718 
0.576443 	 -0.663813 	 0.533026 
0.618824 	 -0.628729 	 0.544479 
0.558656 	 -0.640419 	 0.487741 
0.525180 	 -0.567202 	 0.514969 
0.566381 	 -0.631466 	 0.477392 
0.548370 	 -0.628965 	 0.546271 
0.564249 	 -0.632427 	 0.523522 
0.545144 	 -0.677603 	 0.527238 
0.552938 	 -0.593144 	 0.476743 
0.550778 	 -0.612121 	 0.575013 
0.576980 	 -0.647991 	 0.521159 
0.559934 	 -0.655544 	 0.565795 
0.603848 	 -0.628460 	 0.548380 
0.602516 	 -0.606857 	 0.550594 
0.585360 	 -0.668173 	 0.551264 
0.550438 	 -0.576151 	 0.534924 
0.562531 	 -0.615514 	 0.534120 
0.572506 	 -0.634071 	 0.574387 
0.586031 	 -0.624589 	 0.488562 
0.581043 	 -0.540351 	 0.522057 
0.578246 	 -0.675467 	 0.530938 
0.654583 	 -0.675945 	 0.485324 
0.555531 	 -0.632046 	 0.497447 
0.638234 	 -0.594668 	 0.488251 
0.619473 	 -0.659748 	 0.470798 
0.582925 	 -0.591824 	 0.538935 
0.596351 	 -0.612567 	 0.522899 
0.594138 	 -0.605209 	 0.505005 
0.559303 	 -0.636924 	 0.533520 
0.603050 	 -0.635635 	 0.469931 
0.550700 	 -0.595970 	 0.452209 
0.558552 	 -0.640354 	 0.512012 
0.586848 	 -0.620682 	 0.555031 
0.607599 	 -0.627362 	 0.524771 
0.617166 	 -0.602622 	 0.521385 
0.564634 	 -0.627636 	 0.499464 
0.577176 	 -0.644825 	 0.577524 
0.581795 	 -0.682952 	 0.514242 
0.567978 	 -0.637168 	 0.549637 
0.599371 	 -0.640322 	 0.529505 
0.572692 	 -0.626876 	 0.566954 
0.513974 	 -0.619994 	 0.545987 
0.502810 	 -0.624048 	 0.552515 
0.556013 	 -0.627073 	 0.531181 
0.590123 	 -0.560195 	 0.568068 
0.608531 	 -0.615905 	 0.538218 
0.572043 	 -0.676535 	 0.537815 
0.567322 	 -0.586796 	 0.482380 
0.594727 	 -0.663929 	 0.512550 
0.568590 	 -0.624734 	 0.501682 
0.597723 	 -0.623820 	 0.507173 
0.560004 	 -0.609318 	 0.523682 
0.603966 	 -0.587041 	 0.494553 
0.580159 	 -0.656157 	 0.496853 
0.556342 	 -0.620088 	 0.517595 
0.577179 	 -0.629549 	 0.502170 
0.581744 	 -0.614760 	 0.553502 
0.621305 	 -0.650981 	 0.534156 
0.560881 	 -0.679535 	 0.622519 
0.577545 	 -0.572562 	 0.589834 
0.592790 	 -0.633143 	 0.541418 
0.565836 	 -0.600158 	 0.562413 
0.544930 	 -0.654783 	 0.511981 
0.564167 	 -0.640816 	 0.545010 
0.605671 	 -0.644424 	 0.526604 
0.567363 	 -0.635334 	 0.498274 
0.623905 	 -0.607580 	 0.541556 
0.596684 	 -0.599855 	 0.517206 
0.568311 	 -0.656271 	 0.516270 
0.536886 	 -0.611886 	 0.514833 
0.547731 	 -0.613407 	 0.530721 
0.624545 	 -0.678066 	 0.482330 
0.585522 	 -0.591909 	 0.529163 
0.586905 	 -0.645078 	 0.514185 
0.523928 	 -0.627868 	 0.449683 
0.568866 	 -0.659293 	 0.555741 
0.562395 	 -0.629929 	 0.554966 
0.587955 	 -0.605072 	 0.538291 
0.537462 	 -0.617689 	 0.547544 
0.495422 	 -0.669897 	 0.561200 
0.571647 	 -0.621235 	 0.532843 
0.535344 	 -0.620767 	 0.505667 
0.524448 	 -0.644027 	 0.528975 
0.608066 	 -0.577740 	 0.505771 
0.542968 	 -0.583898 	 0.501228 
0.547861 	 -0.652453 	 0.499007 
0.603327 	 -0.644532 	 0.519413 
0.587521 	 -0.635823 	 0.548358 
0.550363 	 -0.646733 	 0.531970 
0.610958 	 -0.634435 	 0.501499 
0.565282 	 -0.601158 	 0.551554 
0.586234 	 -0.595585 	 0.477084 
0.597542 	 -0.595925 	 0.533148 
0.511211 	 -0.610046 	 0.462161 
0.598786 	 -0.659038 	 0.499650 
0.555626 	 -0.680461 	 0.535871 
0.591107 	 -0.642315 	 0.498288 
0.621174 	 -0.625555 	 0.551434 
0.560803 	 -0.576329 	 0.512108 
0.574981 	 -0.661186 	 0.532491 
0.565453 	 -0.607255 	 0.508649 
0.545218 	 -0.656750 	 0.538159 
0.557213 	 -0.545867 	 0.519069 
0.557039 	 -0.610886 	 0.532477 
0.586296 	 -0.626973 	 0.481815 
0.589774 	 -0.626249 	 0.500652 
0.555002 	 -0.648309 	 0.540798 
0.549532 	 -0.581577 	 0.553992 
0.520790 	 -0.603107 	 0.487184 
0.616415 	 -0.634818 	 0.506180 
0.579644 	 -0.572703 	 0.548278 
0.583012 	 -0.585591 	 0.483923 
0.604326 	 -0.607354 	 0.580782 
0.555849 	 -0.637236 	 0.572636 
0.578722 	 -0.648374 	 0.486509 
0.544163 	 -0.605691 	 0.553634 
0.547715 	 -0.648270 	 0.477833 
0.599605 	 -0.633153 	 0.564066 
0.614557 	 -0.623588 	 0.533138 
0.570557 	 -0.601977 	 0.527918 
0.515603 	 -0.621672 	 0.593342 
0.550983 	 -0.673578 	 0.525076 
0.605643 	 -0.571104 	 0.533076 
0.555530 	 -0.603255 	 0.571349 
0.545594 	 -0.609067 	 0.501334 
0.587245 	 -0.608225 	 0.563484 
0.594825 	 -0.597589 	 0.484691 
0.601109 	 -0.611672 	 0.530419 
0.506725 	 -0.652713 	 0.545145 
0.566638 	 -0.702738 	 0.511346 
0.572667 	 -0.637953 	 0.517793 
0.553957 	 -0.624645 	 0.569720 
0.614558 	 -0.556768 	 0.493457 
0.576734 	 -0.633113 	 0.500825 
0.547558 	 -0.622143 	 0.509127 
0.621124 	 -0.693055 	 0.500136 
0.539792 	 -0.667543 	 0.484685 
0.566639 	 -0.699659 	 0.493344 
0.595015 	 -0.639404 	 0.523733 
0.527557 	 -0.636879 	 0.404466 
0.574474 	 -0.624553 	 0.507303 
0.544063 	 -0.652023 	 0.493426 
0.647758 	 -0.595407 	 0.541236 
0.573726 	 -0.603904 	 0.580622 
0.577802 	 -0.657258 	 0.501823 
0.620060 	 -0.601982 	 0.504620 
0.561318 	 -0.644366 	 0.561749 
0.570536 	 -0.623976 	 0.489867 
0.611624 	 -0.585398 	 0.536495 
0.567521 	 -0.676662 	 0.494710 
0.563906 	 -0.651308 	 0.513986 
0.597121 	 -0.586111 	 0.514269 
0.550209 	 -0.629485 	 0.545812 
0.576787 	 -0.631643 	 0.545661 
0.607281 	 -0.658037 	 0.572624 
0.571668 	 -0.651408 	 0.514507 
0.526477 	 -0.619559 	 0.556521 
0.527918 	 -0.608821 	 0.545458 
0.573646 	 -0.672503 	 0.501192 
0.546628 	 -0.660607 	 0.524723 
0.591642 	 -0.581852 	 0.595763 
0.546267 	 -0.638014 	 0.532330 
0.514596 	 -0.592684 	 0.592256 
0.605487 	 -0.629448 	 0.454784 
0.566692 	 -0.604274 	 0.546225 
0.526504 	 -0.609560 	 0.551719 
0.560890 	 -0.658634 	 0.492551 
0.590302 	 -0.616876 	 0.535915 
0.527848 	 -0.640655 	 0.513173 
0.592902 	 -0.614137 	 0.528206 
0.571287 	 -0.601007 	 0.497751 
0.583543 	 -0.633390 	 0.553243 
0.600100 	 -0.643418 	 0.540771 
0.523315 	 -0.653963 	 0.535080 
0.584436 	 -0.624491 	 0.499607 
0.533666 	 -0.659866 	 0.522802 
0.540596 	 -0.639623 	 0.529119 
0.537136 	 -0.581394 	 0.537450 
0.508408 	 -0.606607 	 0.543840 
0.570519 	 -0.603635 	 0.515187 
0.598707 	 -0.605578 	 0.533048 
0.557740 	 -0.612041 	 0.534725 
0.604718 	 -0.666639 	 0.533727 
0.547499 	 -0.663991 	 0.491171 
0.621860 	 -0.639731 	 0.546839 
0.579022 	 -0.610451 	 0.518655 
0.588248 	 -0.648203 	 0.552853 
0.548791 	 -0.618387 	 0.586990 
0.571883 	 -0.644017 	 0.559797 
0.555135 	 -0.657016 	 0.515557 
0.544583 	 -0.609147 	 0.519202 
0.570504 	 -0.629856 	 0.526531 
0.556742 	 -0.663559 	 0.514921 
0.557317 	 -0.637932 	 0.547268 
0.530790 	 -0.620829 	 0.615331 
0.554032 	 -0.603487 	 0.540196 
0.531445 	 -0.647151 	 0.509329 
0.588789 	 -0.575066 	 0.515220 
0.642909 	 -0.653666 	 0.503383 
0.557892 	 -0.685171 	 0.475937 
0.538042 	 -0.604242 	 0.497136 
0.517444 	 -0.633249 	 0.543183 
0.586409 	 -0.638005 	 0.521166 
0.578959 	 -0.657767 	 0.491989 
0.516200 	 -0.610238 	 0.614147 
0.599275 	 -0.665801 	 0.559943 
0.534327 	 -0.623551 	 0.531275 
0.552096 	 -0.628150 	 0.573970 
0.548070 	 -0.675602 	 0.573646 
0.631741 	 -0.569303 	 0.523129 
0.667211 	 -0.670612 	 0.538933 
0.603371 	 -0.586790 	 0.478683 
0.600837 	 -0.639491 	 0.531523 
0.533991 	 -0.648573 	 0.523217 
0.576323 	 -0.605650 	 0.543140 
0.506924 	 -0.634085 	 0.558994 
0.574718 	 -0.611257 	 0.510294 
0.554382 	 -0.617520 	 0.485658 
0.527927 	 -0.580496 	 0.523551 
0.543617 	 -0.613313 	 0.573842 
0.605212 	 -0.588436 	 0.559523 
0.570843 	 -0.656398 	 0.552220 
0.522920 	 -0.615620 	 0.506624 
0.583897 	 -0.668137 	 0.498320 
0.565766 	 -0.650357 	 0.525046 
0.561713 	 -0.657410 	 0.551188 
0.572867 	 -0.650501 	 0.541508 
0.533439 	 -0.599059 	 0.573491 
0.590527 	 -0.621259 	 0.574312 
0.551485 	 -0.628203 	 0.526877 
0.562919 	 -0.602768 	 0.515772 
0.536860 	 -0.585566 	 0.539911 
0.533688 	 -0.620415 	 0.548238 
0.549937 	 -0.636824 	 0.555360 
0.589233 	 -0.653439 	 0.517013 
0.574386 	 -0.612276 	 0.519033 
0.613036 	 -0.623598 	 0.585731 
0.588213 	 -0.648817 	 0.513596 
0.560790 	 -0.709595 	 0.500521 
0.614277 	 -0.589141 	 0.514078 
0.576698 	 -0.576688 	 0.591784 
0.570607 	 -0.641408 	 0.537061 
0.568452 	 -0.585055 	 0.553443 
0.603365 	 -0.697185 	 0.514425 
0.535436 	 -0.629045 	 0.479451 
0.554522 	 -0.644956 	 0.580461 
0.559796 	 -0.624244 	 0.571555 
0.547170 	 -0.565951 	 0.566718 
0.593351 	 -0.599801 	 0.487190 
0.560402 	 -0.558379 	 0.489402 
0.608197 	 -0.620937 	 0.524284 
0.602491 	 -0.608016 	 0.591289 
0.566763 	 -0.644424 	 0.512788 
0.509348 	 -0.583700 	 0.533260 
0.567124 	 -0.669756 	 0.497403 
0.513533 	 -0.638513 	 0.590627 
0.601364 	 -0.635014 	 0.550298 
0.605096 	 -0.595590 	 0.547267 
0.525527 	 -0.633591 	 0.541213 
0.599732 	 -0.626900 	 0.529268 
0.588822 	 -0.643079 	 0.519515 
0.594292 	 -0.588163 	 0.541583 
0.597951 	 -0.620320 	 0.540331 
0.520756 	 -0.630134 	 0.516941 
0.507733 	 -0.599397 	 0.513227 
0.605813 	 -0.624504 	 0.533229 
0.575112 	 -0.659366 	 0.514858 
0.569905 	 -0.628966 	 0.592155 
0.571187 	 -0.603688 	 0.536910 
0.559293 	 -0.593007 	 0.559013 
0.588897 	 -0.640541 	 0.538915 
0.602261 	 -0.591560 	 0.548117 
0.585565 	 -0.655103 	 0.483991 
0.607454 	 -0.633033 	 0.558681 
0.520219 	 -0.604499 	 0.530884 
0.555149 	 -0.628795 	 0.525838 
0.588753 	 -0.611433 	 0.492459 
0.585247 	 -0.586039 	 0.572098 
0.561309 	 -0.586530 	 0.580476 
0.562489 	 -0.666658 	 0.550011 
0.546703 	 -0.636360 	 0.543911 
0.538683 	 -0.591869 	 0.547818 
0.588608 	 -0.591429 	 0.553660 
0.526685 	 -0.629400 	 0.520142 
0.605536 	 -0.675435 	 0.535061 
0.537344 	 -0.627964 	 0.574633 
0.601849 	 -0.631431 	 0.492842 
0.574683 	 -0.588200 	 0.509654 
0.568743 	 -0.599418 	 0.512998 
0.566424 	 -0.653024 	 0.537550 
0.529511 	 -0.630088 	 0.596784 
0.603246 	 -0.667118 	 0.528546 
0.579524 	 -0.646580 	 0.548035 
0.561821 	 -0.610670 	 0.511898 
0.584466 	 -0.602580 	 0.547114 
0.571630 	 -0.619916 	 0.502540 
0.536618 	 -0.648971 	 0.507941 
0.566401 	 -0.608488 	 0.498082 
0.576596 	 -0.588878 	 0.528744 
0.568681 	 -0.602645 	 0.572763 
0.583786 	 -0.634022 	 0.539391 
0.570015 	 -0.624997 	 0.585441 
0.602907 	 -0.586473 	 0.554865 
0.549406 	 -0.624713 	 0.528103 
0.553227 	 -0.613851 	 0.620295 
0.561037 	 -0.651265 	 0.582881 
0.544541 	 -0.601531 	 0.594382 
0.576150 	 -0.666754 	 0.516459 
0.551311 	 -0.615685 	 0.481710 
0.516545 	 -0.642966 	 0.492888 
0.539275 	 -0.626934 	 0.585240 
0.497309 	 -0.645417 	 0.558119 
0.546200 	 -0.632579 	 0.550052 
0.540567 	 -0.634550 	 0.548306 
0.566298 	 -0.586660 	 0.616741 
0.559566 	 -0.610587 	 0.531004 
0.554450 	 -0.635143 	 0.560543 
0.527982 	 -0.636894 	 0.545961 
0.522211 	 -0.604800 	 0.603682 
0.508458 	 -0.681330 	 0.518084 
0.523523 	 -0.627766 	 0.521828 
0.577474 	 -0.606014 	 0.535548 
0.529959 	 -0.603904 	 0.559486 
0.525779 	 -0.634559 	 0.542694 
0.560454 	 -0.638807 	 0.520971 
0.602627 	 -0.629636 	 0.531892 
0.503230 	 -0.613115 	 0.545695 
0.553426 	 -0.620926 	 0.588864 
0.520988 	 -0.686044 	 0.579519 
0.574422 	 -0.651409 	 0.511521 
0.599890 	 -0.620151 	 0.572522 
0.613198 	 -0.614788 	 0.530819 
0.579623 	 -0.644627 	 0.500213 
0.574680 	 -0.628646 	 0.536581 
0.491685 	 -0.625942 	 0.541357 
0.540753 	 -0.541624 	 0.572236 
0.528074 	 -0.663573 	 0.495762 
0.512079 	 -0.562895 	 0.549837 
0.529596 	 -0.638420 	 0.550101 
0.539557 	 -0.643157 	 0.506136 
0.561121 	 -0.642805 	 0.503485 
0.488522 	 -0.628208 	 0.559442 
0.583475 	 -0.578924 	 0.512961 
0.594518 	 -0.612740 	 0.570559 
0.538389 	 -0.594392 	 0.559592 
0.517579 	 -0.635611 	 0.599186 
0.570500 	 -0.639560 	 0.535479 
0.573998 	 -0.629390 	 0.542981 
0.570698 	 -0.618498 	 0.536718 
0.550449 	 -0.584100 	 0.601310 
0.536027 	 -0.650814 	 0.524689 
0.609057 	 -0.583945 	 0.581462 
0.531661 	 -0.645899 	 0.558094 
0.529371 	 -0.611396 	 0.556878 
0.510974 	 -0.609397 	 0.536894 
0.563889 	 -0.571935 	 0.544982 
0.552058 	 -0.682806 	 0.531232 
0.509862 	 -0.654044 	 0.573550 
0.542414 	 -0.559945 	 0.517782 
0.578069 	 -0.652777 	 0.561804 
0.558125 	 -0.592746 	 0.584016 
0.535720 	 -0.657009 	 0.480069 
0.605935 	 -0.578892 	 0.525479 
0.548150 	 -0.643640 	 0.538643 
0.544762 	 -0.643687 	 0.577157 
0.557264 	 -0.655050 	 0.510497 
0.563186 	 -0.625986 	 0.593114 
0.542009 	 -0.639498 	 0.535524 
0.533070 	 -0.601959 	 0.545865 
0.517995 	 -0.649547 	 0.572892 
0.599246 	 -0.646727 	 0.579952 
0.538681 	 -0.677834 	 0.533518 
0.549347 	 -0.588496 	 0.550661 
0.602475 	 -0.643084 	 0.576118 
0.517567 	 -0.575251 	 0.536660 
0.586232 	 -0.564664 	 0.588134 
0.557284 	 -0.632041 	 0.545008 
0.540824 	 -0.605340 	 0.542191 
0.566123 	 -0.661286 	 0.541674 
0.561317 	 -0.614034 	 0.531355 
0.547174 	 -0.623610 	 0.546719 
0.567840 	 -0.653315 	 0.565840 
0.524017 	 -0.611454 	 0.549144 
0.529589 	 -0.616241 	 0.550945 
0.538919 	 -0.592945 	 0.540354 
0.572308 	 -0.664946 	 0.528393 
0.622924 	 -0.605973 	 0.558864 
0.535810 	 -0.623576 	 0.515452 
0.616763 	 -0.574346 	 0.523432 
0.591345 	 -0.634814 	 0.604582 
0.543446 	 -0.665607 	 0.584861 
0.574420 	 -0.639659 	 0.547296 
0.558192 	 -0.632955 	 0.521608 
0.537726 	 -0.632102 	 0.540715 
0.550260 	 -0.633881 	 0.574419 
0.532036 	 -0.658496 	 0.544194 
0.544088 	 -0.635670 	 0.503347 
0.549120 	 -0.666090 	 0.550470 
0.575614 	 -0.629233 	 0.563355 
0.575933 	 -0.615389 	 0.524895 
0.527554 	 -0.606902 	 0.560765 
0.565002 	 -0.614575 	 0.538727 
0.530720 	 -0.610690 	 0.564603 
0.583404 	 -0.650665 	 0.626331 
0.556069 	 -0.638056 	 0.596960 
0.534476 	 -0.579669 	 0.516167 
0.576099 	 -0.578772 	 0.589158 
0.530196 	 -0.624172 	 0.575311 
0.483636 	 -0.616968 	 0.540047 
0.568545 	 -0.700484 	 0.590764 
0.527983 	 -0.565544 	 0.532763 
0.522881 	 -0.673466 	 0.528409 
0.623834 	 -0.632228 	 0.534375 
0.566076 	 -0.709382 	 0.582092 
0.594261 	 -0.627280 	 0.544224 
0.555916 	 -0.574328 	 0.545434 
0.528691 	 -0.661049 	 0.529484 
0.557479 	 -0.634247 	 0.524061 
0.584189 	 -0.595642 	 0.577461 
0.572249 	 -0.626994 	 0.552919 
0.527866 	 -0.659127 	 0.555010 
0.591078 	 -0.645702 	 0.589800 
0.543817 	 -0.562026 	 0.568148 
0.591786 	 -0.613784 	 0.528124 
0.619151 	 -0.572863 	 0.581962 
0.480724 	 -0.640390 	 0.546219 
0.526772 	 -0.600375 	 0.580690 
0.561661 	 -0.659748 	 0.541166 
0.533666 	 -0.636465 	 0.570380 
0.534303 	 -0.624063 	 0.577653 
0.588060 	 -0.584520 	 0.542285 
0.568840 	 -0.593068 	 0.538413 
0.551111 	 -0.613388 	 0.603363 
0.554873 	 -0.651660 	 0.530979 
0.504798 	 -0.618908 	 0.528609 
0.571669 	 -0.670534 	 0.479915 
